1 53.872224088928604 0.580034071734668 0.173333333333333 0.828465566875943 
2 53.872224088943746 0.580034071734668 0.173333333333333 0.828465566875943 
3 53.872224088955740 0.580034071734668 0.173333333333333 0.828465566875943 
4 53.872224088938104 0.580034071734668 0.173333333333333 0.828465566875943 
5 53.872224088918841 0.580034071734668 0.173333333333333 0.828465566875943 
6 53.872224088925940 0.580034071734668 0.173333333333333 0.828465566875943 
7 53.872224088894114 0.580034071734668 0.173333333333333 0.828465566875943 
8 53.872224088904609 0.580034071734668 0.173333333333333 0.828465566875943 
9 53.872224088934779 0.580034071734668 0.173333333333333 0.828465566875943 
10 53.872224088918081 0.580034071734668 0.173333333333333 0.828465566875943 
11 53.872224088919403 0.580034071734668 0.173333333333333 0.828465566875943 
12 53.872224088919680 0.580034071734668 0.173333333333333 0.828465566875943 
13 53.872224088965957 0.580034071734668 0.173333333333333 0.828465566875943 
14 53.872224088930672 0.580034071734668 0.173333333333333 0.828465566875943 
15 53.872224088960039 0.580034071734668 0.173333333333333 0.828465566875943 
16 53.872224088927425 0.580034071734668 0.173333333333333 0.828465566875943 
17 53.872224088934750 0.580034071734668 0.173333333333333 0.828465566875943 
18 53.872224088901014 0.580034071734668 0.173333333333333 0.828465566875943 
19 53.872224088951938 0.580034071734668 0.173333333333333 0.828465566875943 
20 53.872224088969006 0.580034071734668 0.173333333333333 0.828465566875943 
21 53.872224088928306 0.580034071734668 0.173333333333333 0.828465566875943 
22 53.872224088955733 0.580034071734668 0.173333333333333 0.828465566875943 
23 53.872224088948769 0.580034071734668 0.173333333333333 0.828465566875943 
24 53.872224088897170 0.580034071734668 0.173333333333333 0.828465566875943 
25 53.872224088967378 0.580034071734668 0.173333333333333 0.828465566875943 
26 53.872224088924597 0.580034071734668 0.173333333333333 0.828465566875943 
27 53.872224088932967 0.580034071734668 0.173333333333333 0.828465566875943 
28 53.872224088930217 0.580034071734668 0.173333333333333 0.828465566875943 
29 53.872224088936619 0.580034071734668 0.173333333333333 0.828465566875943 
30 53.872224088924014 0.580034071734668 0.173333333333333 0.828465566875943 
31 53.872224088966817 0.580034071734668 0.173333333333333 0.828465566875943 
32 53.872224088960316 0.580034071734668 0.173333333333333 0.828465566875943 
33 53.872224088920007 0.580034071734668 0.173333333333333 0.828465566875943 
34 53.872224088920149 0.580034071734668 0.173333333333333 0.828465566875943 
35 53.872224088919808 0.580034071734668 0.173333333333333 0.828465566875943 
36 53.872224088958220 0.580034071734668 0.173333333333333 0.828465566875943 
37 53.872224088941955 0.580034071734668 0.173333333333333 0.828465566875943 
38 53.872224088949011 0.580034071734668 0.173333333333333 0.828465566875943 
39 53.872224088923574 0.580034071734668 0.173333333333333 0.828465566875943 
40 53.872224088956777 0.580034071734668 0.173333333333333 0.828465566875943 
41 53.872224088945842 0.580034071734668 0.173333333333333 0.828465566875943 
42 53.872224088953296 0.580034071734668 0.173333333333333 0.828465566875943 
43 53.872224088955917 0.580034071734668 0.173333333333333 0.828465566875943 
44 53.872224088935774 0.580034071734668 0.173333333333333 0.828465566875943 
45 53.872224088912979 0.580034071734668 0.173333333333333 0.828465566875943 
46 53.872224088937401 0.580034071734668 0.173333333333333 0.828465566875943 
47 53.872224088956003 0.580034071734668 0.173333333333333 0.828465566875943 
48 53.872224088965659 0.580034071734668 0.173333333333333 0.828465566875943 
49 53.872224088959911 0.580034071734668 0.173333333333333 0.828465566875943 
50 53.872224088952436 0.580034071734668 0.173333333333333 0.828465566875943 
51 53.872224088915317 0.580034071734668 0.173333333333333 0.828465566875943 
52 53.872224088925918 0.580034071734668 0.173333333333333 0.828465566875943 
53 53.872224088921307 0.580034071734668 0.173333333333333 0.828465566875943 
54 53.872224088957417 0.580034071734668 0.173333333333333 0.828465566875943 
55 53.872224088945238 0.580034071734668 0.173333333333333 0.828465566875943 
56 53.872224088927112 0.580034071734668 0.173333333333333 0.828465566875943 
57 53.872224088933407 0.580034071734668 0.173333333333333 0.828465566875943 
58 53.872224088937045 0.580034071734668 0.173333333333333 0.828465566875943 
59 53.872224088948009 0.580034071734668 0.173333333333333 0.828465566875943 
60 53.872224088935297 0.580034071734668 0.173333333333333 0.828465566875943 
61 53.872224088945387 0.580034071734668 0.173333333333333 0.828465566875943 
62 53.872224088919133 0.580034071734668 0.173333333333333 0.828465566875943 
63 53.872224088936932 0.580034071734668 0.173333333333333 0.828465566875943 
64 53.872224088919040 0.580034071734668 0.173333333333333 0.828465566875943 
65 53.872224088917541 0.580034071734668 0.173333333333333 0.828465566875943 
66 53.872224088969872 0.580034071734668 0.173333333333333 0.828465566875943 
67 53.872224088928533 0.580034071734668 0.173333333333333 0.828465566875943 
68 53.872224088942502 0.580034071734668 0.173333333333333 0.828465566875943 
69 53.872224088941636 0.580034071734668 0.173333333333333 0.828465566875943 
70 53.872224088898484 0.580034071734668 0.173333333333333 0.828465566875943 
71 53.872224088943078 0.580034071734668 0.173333333333333 0.828465566875943 
72 53.872224088924952 0.580034071734668 0.173333333333333 0.828465566875943 
73 53.872224088915623 0.580034071734668 0.173333333333333 0.828465566875943 
74 53.872224088935390 0.580034071734668 0.173333333333333 0.828465566875943 
75 53.872224088954631 0.580034071734668 0.173333333333333 0.828465566875943 
76 53.872224088953011 0.580034071734668 0.173333333333333 0.828465566875943 
77 53.872224088935859 0.580034071734668 0.173333333333333 0.828465566875943 
78 53.872224088942154 0.580034071734668 0.173333333333333 0.828465566875943 
79 53.872224088905952 0.580034071734668 0.173333333333333 0.828465566875943 
80 53.872224088933521 0.580034071734668 0.173333333333333 0.828465566875943 
81 53.872224088918792 0.580034071734668 0.173333333333333 0.828465566875943 
82 53.872224088910286 0.580034071734668 0.173333333333333 0.828465566875943 
83 53.872224088947412 0.580034071734668 0.173333333333333 0.828465566875943 
84 53.872224088906982 0.580034071734668 0.173333333333333 0.828465566875943 
85 53.872224088943298 0.580034071734668 0.173333333333333 0.828465566875943 
86 53.872224088912802 0.580034071734668 0.173333333333333 0.828465566875943 
87 53.872224088939923 0.580034071734668 0.173333333333333 0.828465566875943 
88 53.872224088932420 0.580034071734668 0.173333333333333 0.828465566875943 
89 53.872224088954752 0.580034071734668 0.173333333333333 0.828465566875943 
90 53.872224088931581 0.580034071734668 0.173333333333333 0.828465566875943 
91 53.872224088961680 0.580034071734668 0.173333333333333 0.828465566875943 
92 53.872224088938928 0.580034071734668 0.173333333333333 0.828465566875943 
93 53.872224088940861 0.580034071734668 0.173333333333333 0.828465566875943 
94 53.872224088968466 0.580034071734668 0.173333333333333 0.828465566875943 
95 53.872224088933329 0.580034071734668 0.173333333333333 0.828465566875943 
96 53.872224088934750 0.580034071734668 0.173333333333333 0.828465566875943 
97 53.872224088906620 0.580034071734668 0.173333333333333 0.828465566875943 
98 53.872224088939618 0.580034071734668 0.173333333333333 0.828465566875943 
99 53.872224088934104 0.580034071734668 0.173333333333333 0.828465566875943 
100 53.872224088938772 0.580034071734668 0.173333333333333 0.828465566875943 
