1 61.568947568020718 0.440704577653310 0.190697674418605 0.809370581639120 
2 61.568947567946978 0.440704577653310 0.190697674418605 0.809370581639120 
3 61.568947568024917 0.440704577653310 0.190697674418605 0.809370581639120 
4 61.568947567998016 0.440704577653310 0.190697674418605 0.809370581639120 
5 61.568947568001199 0.440704577653310 0.190697674418605 0.809370581639120 
6 75.280657027868429 0.254247215349123 0.200000000000000 0.725642949198838 
7 61.568947568017954 0.440704577653310 0.190697674418605 0.809370581639120 
8 61.568947567969175 0.440704577653310 0.190697674418605 0.809370581639120 
9 61.568947567980693 0.440704577653310 0.190697674418605 0.809370581639120 
10 61.568947567977411 0.440704577653310 0.190697674418605 0.809370581639120 
11 61.568947567962304 0.440704577653310 0.190697674418605 0.809370581639120 
12 61.568947567987550 0.440704577653310 0.190697674418605 0.809370581639120 
13 61.568947567990918 0.440704577653310 0.190697674418605 0.809370581639120 
14 61.568947568029323 0.440704577653310 0.190697674418605 0.809370581639120 
15 61.568947568005363 0.440704577653310 0.190697674418605 0.809370581639120 
16 61.568947567993234 0.440704577653310 0.190697674418605 0.809370581639120 
17 61.568947567987053 0.440704577653310 0.190697674418605 0.809370581639120 
18 61.568947568003018 0.440704577653310 0.190697674418605 0.809370581639120 
19 61.568947567985830 0.440704577653310 0.190697674418605 0.809370581639120 
20 61.568947567964670 0.440704577653310 0.190697674418605 0.809370581639120 
21 61.568947568007175 0.440704577653310 0.190697674418605 0.809370581639120 
22 61.568947567978242 0.440704577653310 0.190697674418605 0.809370581639120 
23 61.568947568002962 0.440704577653310 0.190697674418605 0.809370581639120 
24 61.568947567984935 0.440704577653310 0.190697674418605 0.809370581639120 
25 61.568947567964003 0.440704577653310 0.190697674418605 0.809370581639120 
26 61.568947567980587 0.440704577653310 0.190697674418605 0.809370581639120 
27 61.568947567969680 0.440704577653310 0.190697674418605 0.809370581639120 
28 61.568947568031327 0.440704577653310 0.190697674418605 0.809370581639120 
29 61.568947568018181 0.440704577653310 0.190697674418605 0.809370581639120 
30 61.568947567965246 0.440704577653310 0.190697674418605 0.809370581639120 
31 61.568947568006415 0.440704577653310 0.190697674418605 0.809370581639120 
32 61.568947567992723 0.440704577653310 0.190697674418605 0.809370581639120 
33 61.568947568011552 0.440704577653310 0.190697674418605 0.809370581639120 
34 61.568947568019304 0.440704577653310 0.190697674418605 0.809370581639120 
35 61.568947567976110 0.440704577653310 0.190697674418605 0.809370581639120 
36 61.568947567990897 0.440704577653310 0.190697674418605 0.809370581639120 
37 61.568947567998649 0.440704577653310 0.190697674418605 0.809370581639120 
38 61.568947567973055 0.440704577653310 0.190697674418605 0.809370581639120 
39 61.568947567967449 0.440704577653310 0.190697674418605 0.809370581639120 
40 61.568947568022722 0.440704577653310 0.190697674418605 0.809370581639120 
41 61.568947568016640 0.440704577653310 0.190697674418605 0.809370581639120 
42 61.568947567973964 0.440704577653310 0.190697674418605 0.809370581639120 
43 61.568947568003125 0.440704577653310 0.190697674418605 0.809370581639120 
44 63.308611808409466 0.381226164588546 0.195348837209302 0.780592913302464 
45 61.568947567969460 0.440704577653310 0.190697674418605 0.809370581639120 
46 61.568947567964074 0.440704577653310 0.190697674418605 0.809370581639120 
47 61.568947567988388 0.440704577653310 0.190697674418605 0.809370581639120 
48 61.568947567989397 0.440704577653310 0.190697674418605 0.809370581639120 
49 61.568947568027937 0.440704577653310 0.190697674418605 0.809370581639120 
50 61.568947567993909 0.440704577653310 0.190697674418605 0.809370581639120 
51 61.568947568009349 0.440704577653310 0.190697674418605 0.809370581639120 
52 61.568947568018658 0.440704577653310 0.190697674418605 0.809370581639120 
53 61.568947567985006 0.440704577653310 0.190697674418605 0.809370581639120 
54 61.568947568004731 0.440704577653310 0.190697674418605 0.809370581639120 
55 61.568947567993156 0.440704577653310 0.190697674418605 0.809370581639120 
56 61.568947568017279 0.440704577653310 0.190697674418605 0.809370581639120 
57 61.568947567968486 0.440704577653310 0.190697674418605 0.809370581639120 
58 61.568947568001541 0.440704577653310 0.190697674418605 0.809370581639120 
59 61.568947568024925 0.440704577653310 0.190697674418605 0.809370581639120 
60 61.568947567989888 0.440704577653310 0.190697674418605 0.809370581639120 
61 61.568947567994776 0.440704577653310 0.190697674418605 0.809370581639120 
62 61.568947567994257 0.440704577653310 0.190697674418605 0.809370581639120 
63 61.568947567995508 0.440704577653310 0.190697674418605 0.809370581639120 
64 61.568947567997519 0.440704577653310 0.190697674418605 0.809370581639120 
65 61.568947568015510 0.440704577653310 0.190697674418605 0.809370581639120 
66 61.568947567995110 0.440704577653310 0.190697674418605 0.809370581639120 
67 61.568947568018260 0.440704577653310 0.190697674418605 0.809370581639120 
68 61.568947568029394 0.440704577653310 0.190697674418605 0.809370581639120 
69 61.568947568029394 0.440704577653310 0.190697674418605 0.809370581639120 
70 61.568947567959974 0.440704577653310 0.190697674418605 0.809370581639120 
71 61.568947567993831 0.440704577653310 0.190697674418605 0.809370581639120 
72 61.568947568030971 0.440704577653310 0.190697674418605 0.809370581639120 
73 61.568947567991607 0.440704577653310 0.190697674418605 0.809370581639120 
74 61.568947568015233 0.440704577653310 0.190697674418605 0.809370581639120 
75 61.568947567975933 0.440704577653310 0.190697674418605 0.809370581639120 
76 65.037718784208565 0.361844617392860 0.190697674418605 0.769426109843111 
77 61.568947568018622 0.440704577653310 0.190697674418605 0.809370581639120 
78 61.568947568028733 0.440704577653310 0.190697674418605 0.809370581639120 
79 63.308611808414959 0.381226164588546 0.195348837209302 0.780592913302464 
80 63.308611808451616 0.381226164588546 0.195348837209302 0.780592913302464 
81 61.568947568026857 0.440704577653310 0.190697674418605 0.809370581639120 
82 61.568947567975670 0.440704577653310 0.190697674418605 0.809370581639120 
83 61.568947567992403 0.440704577653310 0.190697674418605 0.809370581639120 
84 61.568947568009200 0.440704577653310 0.190697674418605 0.809370581639120 
85 61.568947567967903 0.440704577653310 0.190697674418605 0.809370581639120 
86 61.568947567964472 0.440704577653310 0.190697674418605 0.809370581639120 
87 61.568947568002933 0.440704577653310 0.190697674418605 0.809370581639120 
88 61.568947568004511 0.440704577653310 0.190697674418605 0.809370581639120 
89 61.568947567976252 0.440704577653310 0.190697674418605 0.809370581639120 
90 61.568947567955107 0.440704577653310 0.190697674418605 0.809370581639120 
91 61.568947567996815 0.440704577653310 0.190697674418605 0.809370581639120 
92 61.568947567969694 0.440704577653310 0.190697674418605 0.809370581639120 
93 61.568947568012213 0.440704577653310 0.190697674418605 0.809370581639120 
94 61.568947567958624 0.440704577653310 0.190697674418605 0.809370581639120 
95 63.308611808460945 0.381226164588546 0.195348837209302 0.780592913302464 
96 61.568947567985767 0.440704577653310 0.190697674418605 0.809370581639120 
97 61.568947567971001 0.440704577653310 0.190697674418605 0.809370581639120 
98 61.568947568015929 0.440704577653310 0.190697674418605 0.809370581639120 
99 61.568947568024996 0.440704577653310 0.190697674418605 0.809370581639120 
100 61.568947568031398 0.440704577653310 0.190697674418605 0.809370581639120 
