1 59.766965779311619 0.277383702952092 0.213953488372093 0.724302680173914 
2 58.246505148093249 0.330335186238277 0.204651162790698 0.755190518159649 
3 58.246505148089980 0.330335186238277 0.204651162790698 0.755190518159649 
4 58.246505148092524 0.330335186238277 0.204651162790698 0.755190518159649 
5 58.246505148126232 0.330335186238277 0.204651162790698 0.755190518159649 
6 58.246505148147754 0.330335186238277 0.204651162790698 0.755190518159649 
7 58.246505148108717 0.330335186238277 0.204651162790698 0.755190518159649 
8 58.246505148096105 0.330335186238277 0.204651162790698 0.755190518159649 
9 58.246505148096695 0.330335186238277 0.204651162790698 0.755190518159649 
10 58.246505148108611 0.330335186238277 0.204651162790698 0.755190518159649 
11 58.246505148123120 0.330335186238277 0.204651162790698 0.755190518159649 
12 58.246505148119539 0.330335186238277 0.204651162790698 0.755190518159649 
13 58.246505148123951 0.330335186238277 0.204651162790698 0.755190518159649 
14 58.246505148134034 0.330335186238277 0.204651162790698 0.755190518159649 
15 58.246505148113144 0.330335186238277 0.204651162790698 0.755190518159649 
16 58.246505148144173 0.330335186238277 0.204651162790698 0.755190518159649 
17 59.766965779279133 0.277383702952092 0.213953488372093 0.724302680173914 
18 58.246505148150398 0.330335186238277 0.204651162790698 0.755190518159649 
19 58.246505148136016 0.330335186238277 0.204651162790698 0.755190518159649 
20 58.246505148127376 0.330335186238277 0.204651162790698 0.755190518159649 
21 58.246505148136698 0.330335186238277 0.204651162790698 0.755190518159649 
22 58.246505148091835 0.330335186238277 0.204651162790698 0.755190518159649 
23 58.246505148128264 0.330335186238277 0.204651162790698 0.755190518159649 
24 58.246505148095231 0.330335186238277 0.204651162790698 0.755190518159649 
25 58.246505148122353 0.330335186238277 0.204651162790698 0.755190518159649 
26 59.766965779289308 0.277383702952092 0.213953488372093 0.724302680173914 
27 58.246505148128286 0.330335186238277 0.204651162790698 0.755190518159649 
28 58.246505148102116 0.330335186238277 0.204651162790698 0.755190518159649 
29 58.246505148109328 0.330335186238277 0.204651162790698 0.755190518159649 
30 58.246505148107332 0.330335186238277 0.204651162790698 0.755190518159649 
31 58.246505148108398 0.330335186238277 0.204651162790698 0.755190518159649 
32 58.246505148149716 0.330335186238277 0.204651162790698 0.755190518159649 
33 58.246505148105399 0.330335186238277 0.204651162790698 0.755190518159649 
34 58.246505148132073 0.330335186238277 0.204651162790698 0.755190518159649 
35 58.246505148121059 0.330335186238277 0.204651162790698 0.755190518159649 
36 58.246505148116768 0.330335186238277 0.204651162790698 0.755190518159649 
37 58.246505148105108 0.330335186238277 0.204651162790698 0.755190518159649 
38 58.246505148124186 0.330335186238277 0.204651162790698 0.755190518159649 
39 58.246505148148273 0.330335186238277 0.204651162790698 0.755190518159649 
40 58.246505148138823 0.330335186238277 0.204651162790698 0.755190518159649 
41 58.246505148150952 0.330335186238277 0.204651162790698 0.755190518159649 
42 58.246505148112391 0.330335186238277 0.204651162790698 0.755190518159649 
43 58.246505148097874 0.330335186238277 0.204651162790698 0.755190518159649 
44 58.246505148092652 0.330335186238277 0.204651162790698 0.755190518159649 
45 59.766965779282344 0.277383702952092 0.213953488372093 0.724302680173914 
46 58.246505148093370 0.330335186238277 0.204651162790698 0.755190518159649 
47 58.246505148112306 0.330335186238277 0.204651162790698 0.755190518159649 
48 58.246505148111154 0.330335186238277 0.204651162790698 0.755190518159649 
49 67.668012542934420 0.220740448461210 0.204651162790698 0.700642588839222 
50 59.766965779288348 0.277383702952092 0.213953488372093 0.724302680173914 
51 58.246505148096162 0.330335186238277 0.204651162790698 0.755190518159649 
52 59.766965779282522 0.277383702952092 0.213953488372093 0.724302680173914 
53 58.246505148113890 0.330335186238277 0.204651162790698 0.755190518159649 
54 58.246505148103239 0.330335186238277 0.204651162790698 0.755190518159649 
55 58.246505148140358 0.330335186238277 0.204651162790698 0.755190518159649 
56 58.246505148121301 0.330335186238277 0.204651162790698 0.755190518159649 
57 58.246505148112917 0.330335186238277 0.204651162790698 0.755190518159649 
58 58.246505148130488 0.330335186238277 0.204651162790698 0.755190518159649 
59 58.246505148094499 0.330335186238277 0.204651162790698 0.755190518159649 
60 59.766965779317417 0.277383702952092 0.213953488372093 0.724302680173914 
61 58.246505148114117 0.330335186238277 0.204651162790698 0.755190518159649 
62 58.246505148137672 0.330335186238277 0.204651162790698 0.755190518159649 
63 58.246505148100347 0.330335186238277 0.204651162790698 0.755190518159649 
64 58.246505148119539 0.330335186238277 0.204651162790698 0.755190518159649 
65 58.246505148126431 0.330335186238277 0.204651162790698 0.755190518159649 
66 58.246505148122672 0.330335186238277 0.204651162790698 0.755190518159649 
67 58.246505148110742 0.330335186238277 0.204651162790698 0.755190518159649 
68 58.246505148091885 0.330335186238277 0.204651162790698 0.755190518159649 
69 58.246505148091664 0.330335186238277 0.204651162790698 0.755190518159649 
70 58.246505148109108 0.330335186238277 0.204651162790698 0.755190518159649 
71 58.246505148146142 0.330335186238277 0.204651162790698 0.755190518159649 
72 58.246505148067840 0.330335186238277 0.204651162790698 0.755190518159649 
73 58.246505148126872 0.330335186238277 0.204651162790698 0.755190518159649 
74 59.766965779268119 0.277383702952092 0.213953488372093 0.724302680173914 
75 58.246505148076373 0.330335186238277 0.204651162790698 0.755190518159649 
76 58.246505148115673 0.330335186238277 0.204651162790698 0.755190518159649 
77 58.246505148100731 0.330335186238277 0.204651162790698 0.755190518159649 
78 58.246505148092091 0.330335186238277 0.204651162790698 0.755190518159649 
79 58.246505148147030 0.330335186238277 0.204651162790698 0.755190518159649 
80 58.246505148138105 0.330335186238277 0.204651162790698 0.755190518159649 
81 58.246505148090712 0.330335186238277 0.204651162790698 0.755190518159649 
82 58.246505148094677 0.330335186238277 0.204651162790698 0.755190518159649 
83 58.246505148133942 0.330335186238277 0.204651162790698 0.755190518159649 
84 58.246505148103651 0.330335186238277 0.204651162790698 0.755190518159649 
85 58.246505148133409 0.330335186238277 0.204651162790698 0.755190518159649 
86 58.246505148149005 0.330335186238277 0.204651162790698 0.755190518159649 
87 58.246505148097455 0.330335186238277 0.204651162790698 0.755190518159649 
88 58.246505148120384 0.330335186238277 0.204651162790698 0.755190518159649 
89 58.246505148084388 0.330335186238277 0.204651162790698 0.755190518159649 
90 58.246505148088858 0.330335186238277 0.204651162790698 0.755190518159649 
91 58.246505148103047 0.330335186238277 0.204651162790698 0.755190518159649 
92 58.246505148109364 0.330335186238277 0.204651162790698 0.755190518159649 
93 58.246505148107929 0.330335186238277 0.204651162790698 0.755190518159649 
94 58.246505148090471 0.330335186238277 0.204651162790698 0.755190518159649 
95 58.246505148093370 0.330335186238277 0.204651162790698 0.755190518159649 
96 59.766965779305288 0.277383702952092 0.213953488372093 0.724302680173914 
97 58.246505148146653 0.330335186238277 0.204651162790698 0.755190518159649 
98 58.246505148118331 0.330335186238277 0.204651162790698 0.755190518159649 
99 58.246505148132499 0.330335186238277 0.204651162790698 0.755190518159649 
100 58.246505148129501 0.330335186238277 0.204651162790698 0.755190518159649 
