1 54.675087654913028 0.209413482833363 0.223255813953488 0.677961815977630 
2 54.675087654916247 0.209413482833363 0.223255813953488 0.677961815977630 
3 54.675087655000361 0.209413482833363 0.223255813953488 0.677961815977630 
4 54.675087654931176 0.209413482833363 0.223255813953488 0.677961815977630 
5 54.675087654909710 0.209413482833363 0.223255813953488 0.677961815977630 
6 54.675087654906257 0.209413482833363 0.223255813953488 0.677961815977630 
7 54.675087654927090 0.209413482833363 0.223255813953488 0.677961815977630 
8 54.675087654983926 0.209413482833363 0.223255813953488 0.677961815977630 
9 54.675087654912623 0.209413482833363 0.223255813953488 0.677961815977630 
10 54.675087654904438 0.209413482833363 0.223255813953488 0.677961815977630 
11 54.675087654956137 0.209413482833363 0.223255813953488 0.677961815977630 
12 54.675087655011247 0.209413482833363 0.223255813953488 0.677961815977630 
13 54.675087654958382 0.209413482833363 0.223255813953488 0.677961815977630 
14 54.675087654950246 0.209413482833363 0.223255813953488 0.677961815977630 
15 54.675087654925136 0.209413482833363 0.223255813953488 0.677961815977630 
16 54.675087654954865 0.209413482833363 0.223255813953488 0.677961815977630 
17 54.675087654975826 0.209413482833363 0.223255813953488 0.677961815977630 
18 54.675087654904694 0.209413482833363 0.223255813953488 0.677961815977630 
19 54.675087654925612 0.209413482833363 0.223255813953488 0.677961815977630 
20 54.675087654914911 0.209413482833363 0.223255813953488 0.677961815977630 
21 54.675087654942878 0.209413482833363 0.223255813953488 0.677961815977630 
22 54.675087654901866 0.209413482833363 0.223255813953488 0.677961815977630 
23 54.675087654922066 0.209413482833363 0.223255813953488 0.677961815977630 
24 54.675087654904928 0.209413482833363 0.223255813953488 0.677961815977630 
25 54.675087654925839 0.209413482833363 0.223255813953488 0.677961815977630 
26 54.675087654974966 0.209413482833363 0.223255813953488 0.677961815977630 
27 54.675087654903194 0.209413482833363 0.223255813953488 0.677961815977630 
28 54.675087654984644 0.209413482833363 0.223255813953488 0.677961815977630 
29 54.675087654956144 0.209413482833363 0.223255813953488 0.677961815977630 
30 54.675087654978284 0.209413482833363 0.223255813953488 0.677961815977630 
31 54.675087654961459 0.209413482833363 0.223255813953488 0.677961815977630 
32 54.675087654907138 0.209413482833363 0.223255813953488 0.677961815977630 
33 54.675087654963420 0.209413482833363 0.223255813953488 0.677961815977630 
34 54.675087654992254 0.209413482833363 0.223255813953488 0.677961815977630 
35 54.675087654961317 0.209413482833363 0.223255813953488 0.677961815977630 
36 54.675087654928426 0.209413482833363 0.223255813953488 0.677961815977630 
37 54.675087654934465 0.209413482833363 0.223255813953488 0.677961815977630 
38 54.675087654975272 0.209413482833363 0.223255813953488 0.677961815977630 
39 54.675087654966433 0.209413482833363 0.223255813953488 0.677961815977630 
40 54.675087654928419 0.209413482833363 0.223255813953488 0.677961815977630 
41 54.675087654921988 0.209413482833363 0.223255813953488 0.677961815977630 
42 54.675087654921910 0.209413482833363 0.223255813953488 0.677961815977630 
43 54.675087654908793 0.209413482833363 0.223255813953488 0.677961815977630 
44 54.675087654919054 0.209413482833363 0.223255813953488 0.677961815977630 
45 54.675087654960329 0.209413482833363 0.223255813953488 0.677961815977630 
46 54.675087654937791 0.209413482833363 0.223255813953488 0.677961815977630 
47 54.675087654953046 0.209413482833363 0.223255813953488 0.677961815977630 
48 54.675087654937499 0.209413482833363 0.223255813953488 0.677961815977630 
49 54.675087654919260 0.209413482833363 0.223255813953488 0.677961815977630 
50 54.675087654976203 0.209413482833363 0.223255813953488 0.677961815977630 
51 54.675087654974341 0.209413482833363 0.223255813953488 0.677961815977630 
52 54.675087654895634 0.209413482833363 0.223255813953488 0.677961815977630 
53 54.675087654931772 0.209413482833363 0.223255813953488 0.677961815977630 
54 54.675087654939524 0.209413482833363 0.223255813953488 0.677961815977630 
55 54.675087655005264 0.209413482833363 0.223255813953488 0.677961815977630 
56 54.675087654993440 0.209413482833363 0.223255813953488 0.677961815977630 
57 54.675087654976458 0.209413482833363 0.223255813953488 0.677961815977630 
58 54.675087654931417 0.209413482833363 0.223255813953488 0.677961815977630 
59 54.675087654915082 0.209413482833363 0.223255813953488 0.677961815977630 
60 54.675087654921114 0.209413482833363 0.223255813953488 0.677961815977630 
61 54.675087654936938 0.209413482833363 0.223255813953488 0.677961815977630 
62 54.675087654933833 0.209413482833363 0.223255813953488 0.677961815977630 
63 54.675087654920532 0.209413482833363 0.223255813953488 0.677961815977630 
64 54.675087655001967 0.209413482833363 0.223255813953488 0.677961815977630 
65 54.675087654929712 0.209413482833363 0.223255813953488 0.677961815977630 
66 54.675087654933058 0.209413482833363 0.223255813953488 0.677961815977630 
67 54.675087654926251 0.209413482833363 0.223255813953488 0.677961815977630 
68 54.675087654904097 0.209413482833363 0.223255813953488 0.677961815977630 
69 54.675087654957373 0.209413482833363 0.223255813953488 0.677961815977630 
70 54.675087654901837 0.209413482833363 0.223255813953488 0.677961815977630 
71 54.675087654921825 0.209413482833363 0.223255813953488 0.677961815977630 
72 54.675087654947561 0.209413482833363 0.223255813953488 0.677961815977630 
73 54.675087654946203 0.209413482833363 0.223255813953488 0.677961815977630 
74 54.675087654927538 0.209413482833363 0.223255813953488 0.677961815977630 
75 54.675087654917611 0.209413482833363 0.223255813953488 0.677961815977630 
76 54.675087654918187 0.209413482833363 0.223255813953488 0.677961815977630 
77 54.675087654937052 0.209413482833363 0.223255813953488 0.677961815977630 
78 54.675087654920539 0.209413482833363 0.223255813953488 0.677961815977630 
79 54.675087654953444 0.209413482833363 0.223255813953488 0.677961815977630 
80 54.675087654903287 0.209413482833363 0.223255813953488 0.677961815977630 
81 54.675087654906790 0.209413482833363 0.223255813953488 0.677961815977630 
82 54.675087654897858 0.209413482833363 0.223255813953488 0.677961815977630 
83 54.675087654932526 0.209413482833363 0.223255813953488 0.677961815977630 
84 54.675087654975727 0.209413482833363 0.223255813953488 0.677961815977630 
85 54.675087654967541 0.209413482833363 0.223255813953488 0.677961815977630 
86 54.675087654917391 0.209413482833363 0.223255813953488 0.677961815977630 
87 54.675087654929470 0.209413482833363 0.223255813953488 0.677961815977630 
88 54.675087654984601 0.209413482833363 0.223255813953488 0.677961815977630 
89 54.675087654945663 0.209413482833363 0.223255813953488 0.677961815977630 
90 54.675087654935965 0.209413482833363 0.223255813953488 0.677961815977630 
91 54.675087654915394 0.209413482833363 0.223255813953488 0.677961815977630 
92 54.675087654933570 0.209413482833363 0.223255813953488 0.677961815977630 
93 54.675087654914385 0.209413482833363 0.223255813953488 0.677961815977630 
94 54.675087654937784 0.209413482833363 0.223255813953488 0.677961815977630 
95 54.675087654922258 0.209413482833363 0.223255813953488 0.677961815977630 
96 54.675087654909980 0.209413482833363 0.223255813953488 0.677961815977630 
97 54.675087654952065 0.209413482833363 0.223255813953488 0.677961815977630 
98 54.675087654930294 0.209413482833363 0.223255813953488 0.677961815977630 
99 54.675087654981688 0.209413482833363 0.223255813953488 0.677961815977630 
100 54.675087654978341 0.209413482833363 0.223255813953488 0.677961815977630 
