1 64.069553404638683 0.598998677957161 0.134883720930233 0.872742920712510 
2 64.069553404678459 0.598998677957161 0.134883720930233 0.872742920712510 
3 64.069553404632245 0.598998677957161 0.134883720930233 0.872742920712510 
4 64.069553404683845 0.598998677957161 0.134883720930233 0.872742920712510 
5 64.069553404694005 0.598998677957161 0.134883720930233 0.872742920712510 
6 64.069553404652865 0.598998677957161 0.134883720930233 0.872742920712510 
7 64.069553404693309 0.598998677957161 0.134883720930233 0.872742920712510 
8 64.069553404640914 0.598998677957161 0.134883720930233 0.872742920712510 
9 64.069553404642733 0.598998677957161 0.134883720930233 0.872742920712510 
10 64.069553404624529 0.598998677957161 0.134883720930233 0.872742920712510 
11 64.069553404646257 0.598998677957161 0.134883720930233 0.872742920712510 
12 64.069553404621203 0.598998677957161 0.134883720930233 0.872742920712510 
13 64.069553404641340 0.598998677957161 0.134883720930233 0.872742920712510 
14 64.069553404698468 0.598998677957161 0.134883720930233 0.872742920712510 
15 64.069553404690168 0.598998677957161 0.134883720930233 0.872742920712510 
16 64.069553404689231 0.598998677957161 0.134883720930233 0.872742920712510 
17 64.069553404698681 0.598998677957161 0.134883720930233 0.872742920712510 
18 64.069553404657199 0.598998677957161 0.134883720930233 0.872742920712510 
19 64.069553404679638 0.598998677957161 0.134883720930233 0.872742920712510 
20 64.069553404646925 0.598998677957161 0.134883720930233 0.872742920712510 
21 64.069553404618972 0.598998677957161 0.134883720930233 0.872742920712510 
22 64.069553404663040 0.598998677957161 0.134883720930233 0.872742920712510 
23 64.069553404642619 0.598998677957161 0.134883720930233 0.872742920712510 
24 64.069553404675560 0.598998677957161 0.134883720930233 0.872742920712510 
25 66.185535830829096 0.528307571545002 0.167441860465116 0.845735736364334 
26 64.069553404672320 0.598998677957161 0.134883720930233 0.872742920712510 
27 64.069553404684953 0.598998677957161 0.134883720930233 0.872742920712510 
28 64.069553404640644 0.598998677957161 0.134883720930233 0.872742920712510 
29 64.069553404654087 0.598998677957161 0.134883720930233 0.872742920712510 
30 64.069553404641880 0.598998677957161 0.134883720930233 0.872742920712510 
31 64.069553404622525 0.598998677957161 0.134883720930233 0.872742920712510 
32 68.116444826936643 0.488499685170108 0.186046511627907 0.829829228524843 
33 64.069553404641056 0.598998677957161 0.134883720930233 0.872742920712510 
34 64.069553404687142 0.598998677957161 0.134883720930233 0.872742920712510 
35 64.069553404693920 0.598998677957161 0.134883720930233 0.872742920712510 
36 64.069553404635187 0.598998677957161 0.134883720930233 0.872742920712510 
37 64.069553404630142 0.598998677957161 0.134883720930233 0.872742920712510 
38 64.069553404621956 0.598998677957161 0.134883720930233 0.872742920712510 
39 64.069553404667516 0.598998677957161 0.134883720930233 0.872742920712510 
40 64.069553404625694 0.598998677957161 0.134883720930233 0.872742920712510 
41 64.069553404648019 0.598998677957161 0.134883720930233 0.872742920712510 
42 64.069553404680065 0.598998677957161 0.134883720930233 0.872742920712510 
43 64.069553404671183 0.598998677957161 0.134883720930233 0.872742920712510 
44 64.069553404679084 0.598998677957161 0.134883720930233 0.872742920712510 
45 64.069553404639962 0.598998677957161 0.134883720930233 0.872742920712510 
46 64.069553404645418 0.598998677957161 0.134883720930233 0.872742920712510 
47 64.069553404692840 0.598998677957161 0.134883720930233 0.872742920712510 
48 64.069553404620507 0.598998677957161 0.134883720930233 0.872742920712510 
49 64.069553404633055 0.598998677957161 0.134883720930233 0.872742920712510 
50 64.069553404651614 0.598998677957161 0.134883720930233 0.872742920712510 
51 64.069553404698496 0.598998677957161 0.134883720930233 0.872742920712510 
52 64.069553404654314 0.598998677957161 0.134883720930233 0.872742920712510 
53 64.069553404652666 0.598998677957161 0.134883720930233 0.872742920712510 
54 68.116444826954108 0.488499685170108 0.186046511627907 0.829829228524843 
55 66.185535830807851 0.528307571545002 0.167441860465116 0.845735736364334 
56 64.069553404658976 0.598998677957161 0.134883720930233 0.872742920712510 
57 64.069553404644196 0.598998677957161 0.134883720930233 0.872742920712510 
58 64.069553404694190 0.598998677957161 0.134883720930233 0.872742920712510 
59 64.069553404620180 0.598998677957161 0.134883720930233 0.872742920712510 
60 64.069553404658365 0.598998677957161 0.134883720930233 0.872742920712510 
61 64.069553404621757 0.598998677957161 0.134883720930233 0.872742920712510 
62 64.069553404681272 0.598998677957161 0.134883720930233 0.872742920712510 
63 64.069553404687341 0.598998677957161 0.134883720930233 0.872742920712510 
64 64.069553404658009 0.598998677957161 0.134883720930233 0.872742920712510 
65 66.185535830814956 0.528307571545002 0.167441860465116 0.845735736364334 
66 66.185535830797647 0.528307571545002 0.167441860465116 0.845735736364334 
67 64.069553404643429 0.598998677957161 0.134883720930233 0.872742920712510 
68 66.185535830786790 0.528307571545002 0.167441860465116 0.845735736364334 
69 64.069553404631790 0.598998677957161 0.134883720930233 0.872742920712510 
70 64.069553404672916 0.598998677957161 0.134883720930233 0.872742920712510 
71 64.069553404644495 0.598998677957161 0.134883720930233 0.872742920712510 
72 68.116444826935549 0.488499685170108 0.186046511627907 0.829829228524843 
73 64.069553404685323 0.598998677957161 0.134883720930233 0.872742920712510 
74 64.069553404637333 0.598998677957161 0.134883720930233 0.872742920712510 
75 64.069553404681741 0.598998677957161 0.134883720930233 0.872742920712510 
76 64.069553404682324 0.598998677957161 0.134883720930233 0.872742920712510 
77 64.069553404648360 0.598998677957161 0.134883720930233 0.872742920712510 
78 64.069553404644935 0.598998677957161 0.134883720930233 0.872742920712510 
79 64.069553404655309 0.598998677957161 0.134883720930233 0.872742920712510 
80 64.069553404630128 0.598998677957161 0.134883720930233 0.872742920712510 
81 64.069553404672291 0.598998677957161 0.134883720930233 0.872742920712510 
82 64.069553404638953 0.598998677957161 0.134883720930233 0.872742920712510 
83 64.069553404673655 0.598998677957161 0.134883720930233 0.872742920712510 
84 64.069553404691902 0.598998677957161 0.134883720930233 0.872742920712510 
85 64.069553404639208 0.598998677957161 0.134883720930233 0.872742920712510 
86 64.069553404643031 0.598998677957161 0.134883720930233 0.872742920712510 
87 64.069553404683163 0.598998677957161 0.134883720930233 0.872742920712510 
88 66.185535830838262 0.528307571545002 0.167441860465116 0.845735736364334 
89 64.069553404686516 0.598998677957161 0.134883720930233 0.872742920712510 
90 64.069553404684228 0.598998677957161 0.134883720930233 0.872742920712510 
91 64.069553404664219 0.598998677957161 0.134883720930233 0.872742920712510 
92 64.069553404652922 0.598998677957161 0.134883720930233 0.872742920712510 
93 64.069553404618816 0.598998677957161 0.134883720930233 0.872742920712510 
94 64.069553404687767 0.598998677957161 0.134883720930233 0.872742920712510 
95 64.069553404631222 0.598998677957161 0.134883720930233 0.872742920712510 
96 64.069553404676171 0.598998677957161 0.134883720930233 0.872742920712510 
97 64.069553404630881 0.598998677957161 0.134883720930233 0.872742920712510 
98 64.069553404639620 0.598998677957161 0.134883720930233 0.872742920712510 
99 64.069553404647749 0.598998677957161 0.134883720930233 0.872742920712510 
100 64.069553404628564 0.598998677957161 0.134883720930233 0.872742920712510 
