1 52.508509277073415 0.459640990976492 0.213333333333333 0.793146987112504 
2 52.508509277060227 0.459640990976492 0.213333333333333 0.793146987112504 
3 52.508509277054003 0.459640990976492 0.213333333333333 0.793146987112504 
4 52.508509277010383 0.459640990976492 0.213333333333333 0.793146987112504 
5 52.508509277052084 0.459640990976492 0.213333333333333 0.793146987112504 
6 52.508509277037099 0.459640990976492 0.213333333333333 0.793146987112504 
7 52.508509277031173 0.459640990976492 0.213333333333333 0.793146987112504 
8 52.508509277065720 0.459640990976492 0.213333333333333 0.793146987112504 
9 52.508509277094980 0.459640990976492 0.213333333333333 0.793146987112504 
10 52.508509277062153 0.459640990976492 0.213333333333333 0.793146987112504 
11 52.508509277079575 0.459640990976492 0.213333333333333 0.793146987112504 
12 52.508509277030008 0.459640990976492 0.213333333333333 0.793146987112504 
13 52.508509277057165 0.459640990976492 0.213333333333333 0.793146987112504 
14 52.508509277009665 0.459640990976492 0.213333333333333 0.793146987112504 
15 52.508509277084762 0.459640990976492 0.213333333333333 0.793146987112504 
16 52.508509277077977 0.459640990976492 0.213333333333333 0.793146987112504 
17 52.508509277061215 0.459640990976492 0.213333333333333 0.793146987112504 
18 52.508509277019733 0.459640990976492 0.213333333333333 0.793146987112504 
19 52.508509277043579 0.459640990976492 0.213333333333333 0.793146987112504 
20 52.508509277012159 0.459640990976492 0.213333333333333 0.793146987112504 
21 52.508509277017048 0.459640990976492 0.213333333333333 0.793146987112504 
22 52.508509277013431 0.459640990976492 0.213333333333333 0.793146987112504 
23 52.508509277012884 0.459640990976492 0.213333333333333 0.793146987112504 
24 52.508509277024011 0.459640990976492 0.213333333333333 0.793146987112504 
25 52.508509277083476 0.459640990976492 0.213333333333333 0.793146987112504 
26 52.508509277044702 0.459640990976492 0.213333333333333 0.793146987112504 
27 52.508509277032339 0.459640990976492 0.213333333333333 0.793146987112504 
28 52.508509277041583 0.459640990976492 0.213333333333333 0.793146987112504 
29 52.508509277040574 0.459640990976492 0.213333333333333 0.793146987112504 
30 52.508509277082673 0.459640990976492 0.213333333333333 0.793146987112504 
31 52.508509277033554 0.459640990976492 0.213333333333333 0.793146987112504 
32 52.508509277050884 0.459640990976492 0.213333333333333 0.793146987112504 
33 52.508509277041597 0.459640990976492 0.213333333333333 0.793146987112504 
34 52.508509277054223 0.459640990976492 0.213333333333333 0.793146987112504 
35 52.508509277079391 0.459640990976492 0.213333333333333 0.793146987112504 
36 52.508509277069173 0.459640990976492 0.213333333333333 0.793146987112504 
37 52.508509277011875 0.459640990976492 0.213333333333333 0.793146987112504 
38 52.508509277015371 0.459640990976492 0.213333333333333 0.793146987112504 
39 52.508509277089054 0.459640990976492 0.213333333333333 0.793146987112504 
40 52.508509277053847 0.459640990976492 0.213333333333333 0.793146987112504 
41 52.508509277057506 0.459640990976492 0.213333333333333 0.793146987112504 
42 52.508509277025738 0.459640990976492 0.213333333333333 0.793146987112504 
43 52.508509277039039 0.459640990976492 0.213333333333333 0.793146987112504 
44 52.508509277041263 0.459640990976492 0.213333333333333 0.793146987112504 
45 52.508509277056262 0.459640990976492 0.213333333333333 0.793146987112504 
46 52.508509277045391 0.459640990976492 0.213333333333333 0.793146987112504 
47 52.508509277047331 0.459640990976492 0.213333333333333 0.793146987112504 
48 52.508509277065251 0.459640990976492 0.213333333333333 0.793146987112504 
49 52.508509277023151 0.459640990976492 0.213333333333333 0.793146987112504 
50 52.508509277011129 0.459640990976492 0.213333333333333 0.793146987112504 
51 52.508509277020750 0.459640990976492 0.213333333333333 0.793146987112504 
52 52.508509277052525 0.459640990976492 0.213333333333333 0.793146987112504 
53 52.508509277095598 0.459640990976492 0.213333333333333 0.793146987112504 
54 52.508509277014085 0.459640990976492 0.213333333333333 0.793146987112504 
55 52.508509277082261 0.459640990976492 0.213333333333333 0.793146987112504 
56 52.508509277048397 0.459640990976492 0.213333333333333 0.793146987112504 
57 52.508509277014682 0.459640990976492 0.213333333333333 0.793146987112504 
58 52.508509277059154 0.459640990976492 0.213333333333333 0.793146987112504 
59 52.508509277044944 0.459640990976492 0.213333333333333 0.793146987112504 
60 52.508509277059268 0.459640990976492 0.213333333333333 0.793146987112504 
61 52.508509277087512 0.459640990976492 0.213333333333333 0.793146987112504 
62 52.508509277053385 0.459640990976492 0.213333333333333 0.793146987112504 
63 52.508509277059382 0.459640990976492 0.213333333333333 0.793146987112504 
64 52.508509277077678 0.459640990976492 0.213333333333333 0.793146987112504 
65 52.508509277023734 0.459640990976492 0.213333333333333 0.793146987112504 
66 52.508509277060362 0.459640990976492 0.213333333333333 0.793146987112504 
67 52.508509277024189 0.459640990976492 0.213333333333333 0.793146987112504 
68 52.508509277032225 0.459640990976492 0.213333333333333 0.793146987112504 
69 52.508509277060270 0.459640990976492 0.213333333333333 0.793146987112504 
70 52.508509277040467 0.459640990976492 0.213333333333333 0.793146987112504 
71 52.508509277079945 0.459640990976492 0.213333333333333 0.793146987112504 
72 52.508509277077884 0.459640990976492 0.213333333333333 0.793146987112504 
73 52.508509277051878 0.459640990976492 0.213333333333333 0.793146987112504 
74 52.508509277010035 0.459640990976492 0.213333333333333 0.793146987112504 
75 52.508509277044659 0.459640990976492 0.213333333333333 0.793146987112504 
76 52.508509277027819 0.459640990976492 0.213333333333333 0.793146987112504 
77 52.508509277087825 0.459640990976492 0.213333333333333 0.793146987112504 
78 52.508509277014134 0.459640990976492 0.213333333333333 0.793146987112504 
79 52.508509277055218 0.459640990976492 0.213333333333333 0.793146987112504 
80 52.508509277058245 0.459640990976492 0.213333333333333 0.793146987112504 
81 52.508509277077167 0.459640990976492 0.213333333333333 0.793146987112504 
82 52.508509277084293 0.459640990976492 0.213333333333333 0.793146987112504 
83 52.508509277062281 0.459640990976492 0.213333333333333 0.793146987112504 
84 52.508509277011633 0.459640990976492 0.213333333333333 0.793146987112504 
85 52.508509277078971 0.459640990976492 0.213333333333333 0.793146987112504 
86 52.508509277027557 0.459640990976492 0.213333333333333 0.793146987112504 
87 52.508509277017509 0.459640990976492 0.213333333333333 0.793146987112504 
88 52.508509277091207 0.459640990976492 0.213333333333333 0.793146987112504 
89 52.508509277019726 0.459640990976492 0.213333333333333 0.793146987112504 
90 52.508509277093609 0.459640990976492 0.213333333333333 0.793146987112504 
91 52.508509277058351 0.459640990976492 0.213333333333333 0.793146987112504 
92 52.508509277079440 0.459640990976492 0.213333333333333 0.793146987112504 
93 52.508509277025723 0.459640990976492 0.213333333333333 0.793146987112504 
94 52.508509277014902 0.459640990976492 0.213333333333333 0.793146987112504 
95 52.508509277058202 0.459640990976492 0.213333333333333 0.793146987112504 
96 52.508509277078730 0.459640990976492 0.213333333333333 0.793146987112504 
97 52.508509277038961 0.459640990976492 0.213333333333333 0.793146987112504 
98 52.508509277052930 0.459640990976492 0.213333333333333 0.793146987112504 
99 52.508509277041547 0.459640990976492 0.213333333333333 0.793146987112504 
100 52.508509277065045 0.459640990976492 0.213333333333333 0.793146987112504 
