1 27.332440107332289 0.787544968797161 0.065116279069767 0.935221987315011 
2 27.332440107320593 0.787544968797161 0.065116279069767 0.935221987315011 
3 27.332440107328370 0.787544968797161 0.065116279069767 0.935221987315011 
4 27.332440107273484 0.787544968797161 0.065116279069767 0.935221987315011 
5 27.332440107290264 0.787544968797161 0.065116279069767 0.935221987315011 
6 27.332440107337014 0.787544968797161 0.065116279069767 0.935221987315011 
7 27.332440107300275 0.787544968797161 0.065116279069767 0.935221987315011 
8 27.332440107357979 0.787544968797161 0.065116279069767 0.935221987315011 
9 27.332440107298304 0.787544968797161 0.065116279069767 0.935221987315011 
10 27.332440107297135 0.787544968797161 0.065116279069767 0.935221987315011 
11 27.332440107338673 0.787544968797161 0.065116279069767 0.935221987315011 
12 27.332440107357765 0.787544968797161 0.065116279069767 0.935221987315011 
13 27.332440107285663 0.787544968797161 0.065116279069767 0.935221987315011 
14 28.104181056120741 0.773077581381052 0.069767441860465 0.930193412140411 
15 27.332440107298240 0.787544968797161 0.065116279069767 0.935221987315011 
16 27.332440107328996 0.787544968797161 0.065116279069767 0.935221987315011 
17 27.332440107322910 0.787544968797161 0.065116279069767 0.935221987315011 
18 27.332440107315907 0.787544968797161 0.065116279069767 0.935221987315011 
19 27.332440107347551 0.787544968797161 0.065116279069767 0.935221987315011 
20 27.332440107292300 0.787544968797161 0.065116279069767 0.935221987315011 
21 27.332440107355474 0.787544968797161 0.065116279069767 0.935221987315011 
22 27.332440107321318 0.787544968797161 0.065116279069767 0.935221987315011 
23 27.332440107347644 0.787544968797161 0.065116279069767 0.935221987315011 
24 28.104181056131619 0.773077581381052 0.069767441860465 0.930193412140411 
25 27.332440107304478 0.787544968797161 0.065116279069767 0.935221987315011 
26 27.332440107307008 0.787544968797161 0.065116279069767 0.935221987315011 
27 27.332440107311051 0.787544968797161 0.065116279069767 0.935221987315011 
28 27.332440107355062 0.787544968797161 0.065116279069767 0.935221987315011 
29 27.332440107296954 0.787544968797161 0.065116279069767 0.935221987315011 
30 27.332440107351925 0.787544968797161 0.065116279069767 0.935221987315011 
31 27.332440107290228 0.787544968797161 0.065116279069767 0.935221987315011 
32 27.332440107327521 0.787544968797161 0.065116279069767 0.935221987315011 
33 27.332440107334715 0.787544968797161 0.065116279069767 0.935221987315011 
34 27.332440107339668 0.787544968797161 0.065116279069767 0.935221987315011 
35 27.332440107305775 0.787544968797161 0.065116279069767 0.935221987315011 
36 27.332440107331585 0.787544968797161 0.065116279069767 0.935221987315011 
37 27.332440107352220 0.787544968797161 0.065116279069767 0.935221987315011 
38 27.332440107293348 0.787544968797161 0.065116279069767 0.935221987315011 
39 27.332440107354206 0.787544968797161 0.065116279069767 0.935221987315011 
40 27.332440107336708 0.787544968797161 0.065116279069767 0.935221987315011 
41 27.332440107345011 0.787544968797161 0.065116279069767 0.935221987315011 
42 27.332440107300187 0.787544968797161 0.065116279069767 0.935221987315011 
43 27.332440107300140 0.787544968797161 0.065116279069767 0.935221987315011 
44 27.332440107352806 0.787544968797161 0.065116279069767 0.935221987315011 
45 27.332440107312127 0.787544968797161 0.065116279069767 0.935221987315011 
46 27.332440107300833 0.787544968797161 0.065116279069767 0.935221987315011 
47 27.332440107341171 0.787544968797161 0.065116279069767 0.935221987315011 
48 27.332440107356458 0.787544968797161 0.065116279069767 0.935221987315011 
49 27.332440107356195 0.787544968797161 0.065116279069767 0.935221987315011 
50 27.332440107347107 0.787544968797161 0.065116279069767 0.935221987315011 
51 27.332440107303793 0.787544968797161 0.065116279069767 0.935221987315011 
52 27.332440107295945 0.787544968797161 0.065116279069767 0.935221987315011 
53 32.397395503469447 0.203130781373470 0.195348837209302 0.668254240205161 
54 27.332440107289298 0.787544968797161 0.065116279069767 0.935221987315011 
55 27.332440107293021 0.787544968797161 0.065116279069767 0.935221987315011 
56 27.332440107336588 0.787544968797161 0.065116279069767 0.935221987315011 
57 27.332440107356678 0.787544968797161 0.065116279069767 0.935221987315011 
58 27.332440107295941 0.787544968797161 0.065116279069767 0.935221987315011 
59 27.332440107295739 0.787544968797161 0.065116279069767 0.935221987315011 
60 27.332440107344929 0.787544968797161 0.065116279069767 0.935221987315011 
61 27.332440107309015 0.787544968797161 0.065116279069767 0.935221987315011 
62 28.104181056105904 0.773077581381052 0.069767441860465 0.930193412140411 
63 27.332440107205670 0.787544968797161 0.065116279069767 0.935221987315011 
64 27.332440107334406 0.787544968797161 0.065116279069767 0.935221987315011 
65 27.332440107311466 0.787544968797161 0.065116279069767 0.935221987315011 
66 27.332440107292655 0.787544968797161 0.065116279069767 0.935221987315011 
67 27.332440107314952 0.787544968797161 0.065116279069767 0.935221987315011 
68 27.332440107317947 0.787544968797161 0.065116279069767 0.935221987315011 
69 28.104181056163558 0.773077581381052 0.069767441860465 0.930193412140411 
70 27.332440107352053 0.787544968797161 0.065116279069767 0.935221987315011 
71 27.332440107308997 0.787544968797161 0.065116279069767 0.935221987315011 
72 27.332440107289479 0.787544968797161 0.065116279069767 0.935221987315011 
73 27.332440107346546 0.787544968797161 0.065116279069767 0.935221987315011 
74 27.332440107300883 0.787544968797161 0.065116279069767 0.935221987315011 
75 27.332440107291223 0.787544968797161 0.065116279069767 0.935221987315011 
76 27.332440107302670 0.787544968797161 0.065116279069767 0.935221987315011 
77 27.332440107303569 0.787544968797161 0.065116279069767 0.935221987315011 
78 27.332440107339885 0.787544968797161 0.065116279069767 0.935221987315011 
79 27.332440107325137 0.787544968797161 0.065116279069767 0.935221987315011 
80 28.104181056143407 0.773077581381052 0.069767441860465 0.930193412140411 
81 27.332440107302965 0.787544968797161 0.065116279069767 0.935221987315011 
82 27.332440107311729 0.787544968797161 0.065116279069767 0.935221987315011 
83 27.332440107336140 0.787544968797161 0.065116279069767 0.935221987315011 
84 27.332440107345811 0.787544968797161 0.065116279069767 0.935221987315011 
85 27.332440107322590 0.787544968797161 0.065116279069767 0.935221987315011 
86 27.332440107350312 0.787544968797161 0.065116279069767 0.935221987315011 
87 27.332440107318540 0.787544968797161 0.065116279069767 0.935221987315011 
88 27.332440107351378 0.787544968797161 0.065116279069767 0.935221987315011 
89 27.332440107303928 0.787544968797161 0.065116279069767 0.935221987315011 
90 27.332440107299231 0.787544968797161 0.065116279069767 0.935221987315011 
91 27.332440107292037 0.787544968797161 0.065116279069767 0.935221987315011 
92 27.332440107302286 0.787544968797161 0.065116279069767 0.935221987315011 
93 27.332440107344734 0.787544968797161 0.065116279069767 0.935221987315011 
94 27.332440107290733 0.787544968797161 0.065116279069767 0.935221987315011 
95 27.332440107210935 0.787544968797161 0.065116279069767 0.935221987315011 
96 27.332440107303157 0.787544968797161 0.065116279069767 0.935221987315011 
97 27.332440107354618 0.787544968797161 0.065116279069767 0.935221987315011 
98 27.332440107307807 0.787544968797161 0.065116279069767 0.935221987315011 
99 27.332440107333984 0.787544968797161 0.065116279069767 0.935221987315011 
100 27.332440107306248 0.787544968797161 0.065116279069767 0.935221987315011 
