1 19.438018201124013 0.753290077839342 0.074418604651163 0.923372245776376 
2 19.438018201057670 0.753290077839342 0.074418604651163 0.923372245776376 
3 19.438018201140462 0.753290077839342 0.074418604651163 0.923372245776376 
4 19.438018201144573 0.753290077839342 0.074418604651163 0.923372245776376 
5 19.438018201048436 0.753290077839342 0.074418604651163 0.923372245776376 
6 19.438018201105059 0.753290077839342 0.074418604651163 0.923372245776376 
7 19.438018201118787 0.753290077839342 0.074418604651163 0.923372245776376 
8 19.438018201111923 0.753290077839342 0.074418604651163 0.923372245776376 
9 19.438018201110154 0.753290077839342 0.074418604651163 0.923372245776376 
10 19.438018201112634 0.753290077839342 0.074418604651163 0.923372245776376 
11 19.438018201147464 0.753290077839342 0.074418604651163 0.923372245776376 
12 19.438018201120986 0.753290077839342 0.074418604651163 0.923372245776376 
13 19.438018201145237 0.753290077839342 0.074418604651163 0.923372245776376 
14 19.438018201092721 0.753290077839342 0.074418604651163 0.923372245776376 
15 19.438018201121587 0.753290077839342 0.074418604651163 0.923372245776376 
16 19.438018201093367 0.753290077839342 0.074418604651163 0.923372245776376 
17 19.438018201131698 0.753290077839342 0.074418604651163 0.923372245776376 
18 19.438018201123541 0.753290077839342 0.074418604651163 0.923372245776376 
19 19.438018201089776 0.753290077839342 0.074418604651163 0.923372245776376 
20 19.438018201121107 0.753290077839342 0.074418604651163 0.923372245776376 
21 19.438018201143002 0.753290077839342 0.074418604651163 0.923372245776376 
22 19.438018201089488 0.753290077839342 0.074418604651163 0.923372245776376 
23 19.438018201107660 0.753290077839342 0.074418604651163 0.923372245776376 
24 19.438018201134707 0.753290077839342 0.074418604651163 0.923372245776376 
25 19.438018201094511 0.753290077839342 0.074418604651163 0.923372245776376 
26 19.438018201090035 0.753290077839342 0.074418604651163 0.923372245776376 
27 19.438018201116719 0.753290077839342 0.074418604651163 0.923372245776376 
28 19.438018201144533 0.753290077839342 0.074418604651163 0.923372245776376 
29 19.438018201122997 0.753290077839342 0.074418604651163 0.923372245776376 
30 19.438018201130273 0.753290077839342 0.074418604651163 0.923372245776376 
31 19.438018201143336 0.753290077839342 0.074418604651163 0.923372245776376 
32 19.438018201065507 0.753290077839342 0.074418604651163 0.923372245776376 
33 19.438018201097133 0.753290077839342 0.074418604651163 0.923372245776376 
34 23.910047738790777 0.178713857216927 0.204651162790698 0.636650211146137 
35 19.438018201114843 0.753290077839342 0.074418604651163 0.923372245776376 
36 19.438018201101467 0.753290077839342 0.074418604651163 0.923372245776376 
37 23.910047738713455 0.178713857216927 0.204651162790698 0.636650211146137 
38 19.438018201093186 0.753290077839342 0.074418604651163 0.923372245776376 
39 19.438018201097229 0.753290077839342 0.074418604651163 0.923372245776376 
40 19.438018201114058 0.753290077839342 0.074418604651163 0.923372245776376 
41 19.438018201119977 0.753290077839342 0.074418604651163 0.923372245776376 
42 19.438018201147347 0.753290077839342 0.074418604651163 0.923372245776376 
43 19.438018201098767 0.753290077839342 0.074418604651163 0.923372245776376 
44 19.438018201093350 0.753290077839342 0.074418604651163 0.923372245776376 
45 19.438018201062008 0.753290077839342 0.074418604651163 0.923372245776376 
46 19.438018201115625 0.753290077839342 0.074418604651163 0.923372245776376 
47 19.438018201095023 0.753290077839342 0.074418604651163 0.923372245776376 
48 19.438018201075206 0.753290077839342 0.074418604651163 0.923372245776376 
49 19.438018201056764 0.753290077839342 0.074418604651163 0.923372245776376 
50 19.438018201066232 0.753290077839342 0.074418604651163 0.923372245776376 
51 19.438018201123054 0.753290077839342 0.074418604651163 0.923372245776376 
52 19.438018201091555 0.753290077839342 0.074418604651163 0.923372245776376 
53 19.438018201087946 0.753290077839342 0.074418604651163 0.923372245776376 
54 19.438018201095471 0.753290077839342 0.074418604651163 0.923372245776376 
55 19.438018201100828 0.753290077839342 0.074418604651163 0.923372245776376 
56 19.438018201085271 0.753290077839342 0.074418604651163 0.923372245776376 
57 19.438018201055289 0.753290077839342 0.074418604651163 0.923372245776376 
58 19.438018201146559 0.753290077839342 0.074418604651163 0.923372245776376 
59 19.438018201112925 0.753290077839342 0.074418604651163 0.923372245776376 
60 19.438018201060306 0.753290077839342 0.074418604651163 0.923372245776376 
61 19.438018201094142 0.753290077839342 0.074418604651163 0.923372245776376 
62 19.438018201055847 0.753290077839342 0.074418604651163 0.923372245776376 
63 19.438018201134092 0.753290077839342 0.074418604651163 0.923372245776376 
64 19.438018201085086 0.753290077839342 0.074418604651163 0.923372245776376 
65 19.438018201099307 0.753290077839342 0.074418604651163 0.923372245776376 
66 19.438018201144523 0.753290077839342 0.074418604651163 0.923372245776376 
67 19.438018201147109 0.753290077839342 0.074418604651163 0.923372245776376 
68 19.438018201121327 0.753290077839342 0.074418604651163 0.923372245776376 
69 19.438018201120485 0.753290077839342 0.074418604651163 0.923372245776376 
70 19.438018201074776 0.753290077839342 0.074418604651163 0.923372245776376 
71 19.438018201143048 0.753290077839342 0.074418604651163 0.923372245776376 
72 19.438018201129463 0.753290077839342 0.074418604651163 0.923372245776376 
73 19.438018201141205 0.753290077839342 0.074418604651163 0.923372245776376 
74 19.438018201064903 0.753290077839342 0.074418604651163 0.923372245776376 
75 19.438018201092877 0.753290077839342 0.074418604651163 0.923372245776376 
76 19.438018201128436 0.753290077839342 0.074418604651163 0.923372245776376 
77 19.438018201139215 0.753290077839342 0.074418604651163 0.923372245776376 
78 19.438018201054867 0.753290077839342 0.074418604651163 0.923372245776376 
79 19.438018201124734 0.753290077839342 0.074418604651163 0.923372245776376 
80 19.438018201110520 0.753290077839342 0.074418604651163 0.923372245776376 
81 19.438018201134831 0.753290077839342 0.074418604651163 0.923372245776376 
82 19.438018201102832 0.753290077839342 0.074418604651163 0.923372245776376 
83 19.438018201117519 0.753290077839342 0.074418604651163 0.923372245776376 
84 19.438018201127967 0.753290077839342 0.074418604651163 0.923372245776376 
85 19.438018201109529 0.753290077839342 0.074418604651163 0.923372245776376 
86 19.438018201146150 0.753290077839342 0.074418604651163 0.923372245776376 
87 19.438018201117568 0.753290077839342 0.074418604651163 0.923372245776376 
88 19.438018201091968 0.753290077839342 0.074418604651163 0.923372245776376 
89 19.438018201066161 0.753290077839342 0.074418604651163 0.923372245776376 
90 19.438018201097822 0.753290077839342 0.074418604651163 0.923372245776376 
91 19.438018201101418 0.753290077839342 0.074418604651163 0.923372245776376 
92 19.438018201103848 0.753290077839342 0.074418604651163 0.923372245776376 
93 19.438018201106591 0.753290077839342 0.074418604651163 0.923372245776376 
94 19.438018201146839 0.753290077839342 0.074418604651163 0.923372245776376 
95 19.438018201094614 0.753290077839342 0.074418604651163 0.923372245776376 
96 19.438018201090017 0.753290077839342 0.074418604651163 0.923372245776376 
97 19.438018201104985 0.753290077839342 0.074418604651163 0.923372245776376 
98 19.438018201143027 0.753290077839342 0.074418604651163 0.923372245776376 
99 19.438018201087530 0.753290077839342 0.074418604651163 0.923372245776376 
100 19.438018201054128 0.753290077839342 0.074418604651163 0.923372245776376 
