1 37.989979593664209 0.509462626040538 0.176744186046512 0.838494838494838 
2 37.989979593644037 0.509462626040538 0.176744186046512 0.838494838494838 
3 39.675664309195668 0.436078274360643 0.186046511627907 0.806685547887830 
4 37.989979593664579 0.509462626040538 0.176744186046512 0.838494838494838 
5 37.989979593635191 0.509462626040538 0.176744186046512 0.838494838494838 
6 37.989979593612254 0.509462626040538 0.176744186046512 0.838494838494838 
7 37.989979593618848 0.509462626040538 0.176744186046512 0.838494838494838 
8 37.989979593676267 0.509462626040538 0.176744186046512 0.838494838494838 
9 37.989979593644499 0.509462626040538 0.176744186046512 0.838494838494838 
10 37.989979593664110 0.509462626040538 0.176744186046512 0.838494838494838 
11 37.989979593682037 0.509462626040538 0.176744186046512 0.838494838494838 
12 37.989979593602413 0.509462626040538 0.176744186046512 0.838494838494838 
13 37.989979593654851 0.509462626040538 0.176744186046512 0.838494838494838 
14 37.989979593637479 0.509462626040538 0.176744186046512 0.838494838494838 
15 37.989979593655001 0.509462626040538 0.176744186046512 0.838494838494838 
16 39.171938217665790 0.459497179698868 0.190697674418605 0.817610062893082 
17 45.385393474949247 0.223191723031962 0.195348837209302 0.703940001849077 
18 37.989979593626138 0.509462626040538 0.176744186046512 0.838494838494838 
19 37.989979593614116 0.509462626040538 0.176744186046512 0.838494838494838 
20 37.989979593624348 0.509462626040538 0.176744186046512 0.838494838494838 
21 39.675664309183070 0.436078274360643 0.186046511627907 0.806685547887830 
22 37.989979593641408 0.509462626040538 0.176744186046512 0.838494838494838 
23 37.989979593629315 0.509462626040538 0.176744186046512 0.838494838494838 
24 37.989979593618926 0.509462626040538 0.176744186046512 0.838494838494838 
25 37.989979593660642 0.509462626040538 0.176744186046512 0.838494838494838 
26 37.989979593611210 0.509462626040538 0.176744186046512 0.838494838494838 
27 37.989979593607082 0.509462626040538 0.176744186046512 0.838494838494838 
28 37.989979593643689 0.509462626040538 0.176744186046512 0.838494838494838 
29 37.989979593676985 0.509462626040538 0.176744186046512 0.838494838494838 
30 37.989979593632142 0.509462626040538 0.176744186046512 0.838494838494838 
31 37.989979593613576 0.509462626040538 0.176744186046512 0.838494838494838 
32 37.989979593641337 0.509462626040538 0.176744186046512 0.838494838494838 
33 37.989979593629606 0.509462626040538 0.176744186046512 0.838494838494838 
34 37.989979593609682 0.509462626040538 0.176744186046512 0.838494838494838 
35 37.989979593659370 0.509462626040538 0.176744186046512 0.838494838494838 
36 37.989979593651661 0.509462626040538 0.176744186046512 0.838494838494838 
37 37.989979593642552 0.509462626040538 0.176744186046512 0.838494838494838 
38 37.989979593678854 0.509462626040538 0.176744186046512 0.838494838494838 
39 37.989979593632768 0.509462626040538 0.176744186046512 0.838494838494838 
40 37.989979593640911 0.509462626040538 0.176744186046512 0.838494838494838 
41 37.989979593669268 0.509462626040538 0.176744186046512 0.838494838494838 
42 37.989979593651256 0.509462626040538 0.176744186046512 0.838494838494838 
43 37.989979593669418 0.509462626040538 0.176744186046512 0.838494838494838 
44 37.989979593617903 0.509462626040538 0.176744186046512 0.838494838494838 
45 37.989979593637074 0.509462626040538 0.176744186046512 0.838494838494838 
46 45.385393475005557 0.223191723031962 0.195348837209302 0.703940001849077 
47 37.989979593614599 0.509462626040538 0.176744186046512 0.838494838494838 
48 37.989979593604772 0.509462626040538 0.176744186046512 0.838494838494838 
49 37.989979593640342 0.509462626040538 0.176744186046512 0.838494838494838 
50 37.989979593602989 0.509462626040538 0.176744186046512 0.838494838494838 
51 37.989979593627815 0.509462626040538 0.176744186046512 0.838494838494838 
52 37.989979593644556 0.509462626040538 0.176744186046512 0.838494838494838 
53 37.989979593672857 0.509462626040538 0.176744186046512 0.838494838494838 
54 37.989979593612311 0.509462626040538 0.176744186046512 0.838494838494838 
55 37.989979593665282 0.509462626040538 0.176744186046512 0.838494838494838 
56 37.989979593642339 0.509462626040538 0.176744186046512 0.838494838494838 
57 37.989979593607821 0.509462626040538 0.176744186046512 0.838494838494838 
58 37.989979593643667 0.509462626040538 0.176744186046512 0.838494838494838 
59 37.989979593628235 0.509462626040538 0.176744186046512 0.838494838494838 
60 37.989979593673119 0.509462626040538 0.176744186046512 0.838494838494838 
61 37.989979593641678 0.509462626040538 0.176744186046512 0.838494838494838 
62 37.989979593628803 0.509462626040538 0.176744186046512 0.838494838494838 
63 37.989979593678100 0.509462626040538 0.176744186046512 0.838494838494838 
64 37.989979593633521 0.509462626040538 0.176744186046512 0.838494838494838 
65 37.989979593604509 0.509462626040538 0.176744186046512 0.838494838494838 
66 37.989979593666362 0.509462626040538 0.176744186046512 0.838494838494838 
67 37.989979593608169 0.509462626040538 0.176744186046512 0.838494838494838 
68 37.989979593622252 0.509462626040538 0.176744186046512 0.838494838494838 
69 37.989979593654105 0.509462626040538 0.176744186046512 0.838494838494838 
70 37.989979593680474 0.509462626040538 0.176744186046512 0.838494838494838 
71 37.989979593657274 0.509462626040538 0.176744186046512 0.838494838494838 
72 39.171938217715244 0.459497179698868 0.190697674418605 0.817610062893082 
73 37.989979593618699 0.509462626040538 0.176744186046512 0.838494838494838 
74 37.989979593667663 0.509462626040538 0.176744186046512 0.838494838494838 
75 37.989979593630729 0.509462626040538 0.176744186046512 0.838494838494838 
76 37.989979593619005 0.509462626040538 0.176744186046512 0.838494838494838 
77 37.989979593614386 0.509462626040538 0.176744186046512 0.838494838494838 
78 37.989979593623687 0.509462626040538 0.176744186046512 0.838494838494838 
79 37.989979593666654 0.509462626040538 0.176744186046512 0.838494838494838 
80 37.989979593651704 0.509462626040538 0.176744186046512 0.838494838494838 
81 37.989979593658639 0.509462626040538 0.176744186046512 0.838494838494838 
82 37.989979593621030 0.509462626040538 0.176744186046512 0.838494838494838 
83 37.989979593636207 0.509462626040538 0.176744186046512 0.838494838494838 
84 37.989979593653352 0.509462626040538 0.176744186046512 0.838494838494838 
85 37.989979593620717 0.509462626040538 0.176744186046512 0.838494838494838 
86 37.989979593680289 0.509462626040538 0.176744186046512 0.838494838494838 
87 37.989979593661438 0.509462626040538 0.176744186046512 0.838494838494838 
88 37.989979593643469 0.509462626040538 0.176744186046512 0.838494838494838 
89 44.235306377819036 0.217079315636857 0.195348837209302 0.698724511800422 
90 37.989979593682634 0.509462626040538 0.176744186046512 0.838494838494838 
91 39.171938217730897 0.459497179698868 0.190697674418605 0.817610062893082 
92 37.989979593664096 0.509462626040538 0.176744186046512 0.838494838494838 
93 37.989979593623715 0.509462626040538 0.176744186046512 0.838494838494838 
94 37.989979593643142 0.509462626040538 0.176744186046512 0.838494838494838 
95 37.989979593616575 0.509462626040538 0.176744186046512 0.838494838494838 
96 37.989979593658482 0.509462626040538 0.176744186046512 0.838494838494838 
97 37.989979593618408 0.509462626040538 0.176744186046512 0.838494838494838 
98 37.989979593615566 0.509462626040538 0.176744186046512 0.838494838494838 
99 37.989979593650673 0.509462626040538 0.176744186046512 0.838494838494838 
100 37.989979593655391 0.509462626040538 0.176744186046512 0.838494838494838 
