1 53.151804816403754 0.818254270102063 0.055813953488372 0.943737250101999 
2 53.151804816419869 0.818254270102063 0.055813953488372 0.943737250101999 
3 53.151804816470268 0.818254270102063 0.055813953488372 0.943737250101999 
4 53.151804816409857 0.818254270102063 0.055813953488372 0.943737250101999 
5 53.151804816400350 0.818254270102063 0.055813953488372 0.943737250101999 
6 53.151804816460505 0.818254270102063 0.055813953488372 0.943737250101999 
7 53.151804816477302 0.818254270102063 0.055813953488372 0.943737250101999 
8 56.184540991508534 0.633867050644919 0.120930232558140 0.884895466290815 
9 53.151804816401864 0.818254270102063 0.055813953488372 0.943737250101999 
10 53.151804816405573 0.818254270102063 0.055813953488372 0.943737250101999 
11 53.151804816472712 0.818254270102063 0.055813953488372 0.943737250101999 
12 53.151804816428807 0.818254270102063 0.055813953488372 0.943737250101999 
13 53.151804816401203 0.818254270102063 0.055813953488372 0.943737250101999 
14 53.151804816453811 0.818254270102063 0.055813953488372 0.943737250101999 
15 53.151804816446571 0.818254270102063 0.055813953488372 0.943737250101999 
16 53.151804816475455 0.818254270102063 0.055813953488372 0.943737250101999 
17 53.151804816470928 0.818254270102063 0.055813953488372 0.943737250101999 
18 53.151804816395860 0.818254270102063 0.055813953488372 0.943737250101999 
19 53.151804816462956 0.818254270102063 0.055813953488372 0.943737250101999 
20 53.151804816478638 0.818254270102063 0.055813953488372 0.943737250101999 
21 53.151804816397444 0.818254270102063 0.055813953488372 0.943737250101999 
22 53.151804816427784 0.818254270102063 0.055813953488372 0.943737250101999 
23 53.151804816443551 0.818254270102063 0.055813953488372 0.943737250101999 
24 53.151804816430939 0.818254270102063 0.055813953488372 0.943737250101999 
25 53.151804816442194 0.818254270102063 0.055813953488372 0.943737250101999 
26 53.151804816418149 0.818254270102063 0.055813953488372 0.943737250101999 
27 53.151804816400102 0.818254270102063 0.055813953488372 0.943737250101999 
28 53.151804816471618 0.818254270102063 0.055813953488372 0.943737250101999 
29 53.151804816412302 0.818254270102063 0.055813953488372 0.943737250101999 
30 53.151804816436048 0.818254270102063 0.055813953488372 0.943737250101999 
31 53.151804816445193 0.818254270102063 0.055813953488372 0.943737250101999 
32 53.151804816425638 0.818254270102063 0.055813953488372 0.943737250101999 
33 53.151804816440389 0.818254270102063 0.055813953488372 0.943737250101999 
34 53.151804816450550 0.818254270102063 0.055813953488372 0.943737250101999 
35 53.151804816427720 0.818254270102063 0.055813953488372 0.943737250101999 
36 53.151804816438947 0.818254270102063 0.055813953488372 0.943737250101999 
37 53.151804816404614 0.818254270102063 0.055813953488372 0.943737250101999 
38 53.151804816475583 0.818254270102063 0.055813953488372 0.943737250101999 
39 53.151804816460739 0.818254270102063 0.055813953488372 0.943737250101999 
40 53.151804816406120 0.818254270102063 0.055813953488372 0.943737250101999 
41 53.151804816421020 0.818254270102063 0.055813953488372 0.943737250101999 
42 53.151804816409296 0.818254270102063 0.055813953488372 0.943737250101999 
43 53.151804816450358 0.818254270102063 0.055813953488372 0.943737250101999 
44 53.151804816476577 0.818254270102063 0.055813953488372 0.943737250101999 
45 53.151804816405111 0.818254270102063 0.055813953488372 0.943737250101999 
46 53.151804816465074 0.818254270102063 0.055813953488372 0.943737250101999 
47 53.151804816423152 0.818254270102063 0.055813953488372 0.943737250101999 
48 53.151804816413552 0.818254270102063 0.055813953488372 0.943737250101999 
49 53.151804816477870 0.818254270102063 0.055813953488372 0.943737250101999 
50 53.151804816471454 0.818254270102063 0.055813953488372 0.943737250101999 
51 53.151804816407939 0.818254270102063 0.055813953488372 0.943737250101999 
52 55.056673540711643 0.734802209168439 0.083720930232558 0.917958334780310 
53 53.151804816461116 0.818254270102063 0.055813953488372 0.943737250101999 
54 53.151804816418050 0.818254270102063 0.055813953488372 0.943737250101999 
55 53.151804816442109 0.818254270102063 0.055813953488372 0.943737250101999 
56 53.151804816459766 0.818254270102063 0.055813953488372 0.943737250101999 
57 53.151804816477103 0.818254270102063 0.055813953488372 0.943737250101999 
58 53.151804816418178 0.818254270102063 0.055813953488372 0.943737250101999 
59 53.151804816461976 0.818254270102063 0.055813953488372 0.943737250101999 
60 53.151804816420132 0.818254270102063 0.055813953488372 0.943737250101999 
61 53.151804816471092 0.818254270102063 0.055813953488372 0.943737250101999 
62 53.151804816436005 0.818254270102063 0.055813953488372 0.943737250101999 
63 53.151804816419265 0.818254270102063 0.055813953488372 0.943737250101999 
64 53.151804816416892 0.818254270102063 0.055813953488372 0.943737250101999 
65 53.151804816406369 0.818254270102063 0.055813953488372 0.943737250101999 
66 53.151804816449228 0.818254270102063 0.055813953488372 0.943737250101999 
67 53.151804816423045 0.818254270102063 0.055813953488372 0.943737250101999 
68 53.151804816478936 0.818254270102063 0.055813953488372 0.943737250101999 
69 53.151804816395831 0.818254270102063 0.055813953488372 0.943737250101999 
70 53.151804816460704 0.818254270102063 0.055813953488372 0.943737250101999 
71 55.056673540763690 0.734802209168439 0.083720930232558 0.917958334780310 
72 53.151804816464768 0.818254270102063 0.055813953488372 0.943737250101999 
73 53.151804816426043 0.818254270102063 0.055813953488372 0.943737250101999 
74 53.151804816448212 0.818254270102063 0.055813953488372 0.943737250101999 
75 53.151804816430761 0.818254270102063 0.055813953488372 0.943737250101999 
76 53.151804816452014 0.818254270102063 0.055813953488372 0.943737250101999 
77 53.151804816397565 0.818254270102063 0.055813953488372 0.943737250101999 
78 53.151804816421453 0.818254270102063 0.055813953488372 0.943737250101999 
79 53.151804816479327 0.818254270102063 0.055813953488372 0.943737250101999 
80 53.151804816443033 0.818254270102063 0.055813953488372 0.943737250101999 
81 53.151804816454664 0.818254270102063 0.055813953488372 0.943737250101999 
82 55.056673540775826 0.734802209168439 0.083720930232558 0.917958334780310 
83 53.151804816426200 0.818254270102063 0.055813953488372 0.943737250101999 
84 53.151804816470211 0.818254270102063 0.055813953488372 0.943737250101999 
85 53.151804816477508 0.818254270102063 0.055813953488372 0.943737250101999 
86 53.151804816438542 0.818254270102063 0.055813953488372 0.943737250101999 
87 53.151804816447893 0.818254270102063 0.055813953488372 0.943737250101999 
88 53.151804816462239 0.818254270102063 0.055813953488372 0.943737250101999 
89 56.184540991446930 0.633867050644919 0.120930232558140 0.884895466290815 
90 56.184540991494181 0.633867050644919 0.120930232558140 0.884895466290815 
91 53.151804816435735 0.818254270102063 0.055813953488372 0.943737250101999 
92 53.151804816417574 0.818254270102063 0.055813953488372 0.943737250101999 
93 53.151804816410866 0.818254270102063 0.055813953488372 0.943737250101999 
94 53.151804816446571 0.818254270102063 0.055813953488372 0.943737250101999 
95 55.056673540717625 0.734802209168439 0.083720930232558 0.917958334780310 
96 53.151804816470289 0.818254270102063 0.055813953488372 0.943737250101999 
97 53.151804816450024 0.818254270102063 0.055813953488372 0.943737250101999 
98 53.151804816402368 0.818254270102063 0.055813953488372 0.943737250101999 
99 66.004516130712076 0.229237245906421 0.195348837209302 0.711307148285058 
100 53.151804816452938 0.818254270102063 0.055813953488372 0.943737250101999 
