1 56.531976733847607 0.734137232562759 0.083720930232558 0.918473348152197 
2 56.531976735139942 0.734137232562759 0.083720930232558 0.918473348152197 
3 56.531976735110355 0.734137232562759 0.083720930232558 0.918473348152197 
4 56.531976733894858 0.734137232562759 0.083720930232558 0.918473348152197 
5 56.531976733898738 0.734137232562759 0.083720930232558 0.918473348152197 
6 56.531976735098709 0.734137232562759 0.083720930232558 0.918473348152197 
7 56.531976735103235 0.734137232562759 0.083720930232558 0.918473348152197 
8 56.531976735136837 0.734137232562759 0.083720930232558 0.918473348152197 
9 56.531976735092094 0.734137232562759 0.083720930232558 0.918473348152197 
10 56.531976735127834 0.734137232562759 0.083720930232558 0.918473348152197 
11 56.531976735128559 0.734137232562759 0.083720930232558 0.918473348152197 
12 56.531976735169252 0.734137232562759 0.083720930232558 0.918473348152197 
13 56.531976733881457 0.734137232562759 0.083720930232558 0.918473348152197 
14 56.531976735092655 0.734137232562759 0.083720930232558 0.918473348152197 
15 56.531976735149499 0.734137232562759 0.083720930232558 0.918473348152197 
16 56.531976735115080 0.734137232562759 0.083720930232558 0.918473348152197 
17 56.531976733836593 0.734137232562759 0.083720930232558 0.918473348152197 
18 56.531976735114284 0.734137232562759 0.083720930232558 0.918473348152197 
19 56.531976735161621 0.734137232562759 0.083720930232558 0.918473348152197 
20 56.531976735142024 0.734137232562759 0.083720930232558 0.918473348152197 
21 56.531976735138237 0.734137232562759 0.083720930232558 0.918473348152197 
22 56.531976735090176 0.734137232562759 0.083720930232558 0.918473348152197 
23 56.531976735112771 0.734137232562759 0.083720930232558 0.918473348152197 
24 56.531976735146507 0.734137232562759 0.083720930232558 0.918473348152197 
25 56.531976735143544 0.734137232562759 0.083720930232558 0.918473348152197 
26 56.531976735157940 0.734137232562759 0.083720930232558 0.918473348152197 
27 56.531976735090872 0.734137232562759 0.083720930232558 0.918473348152197 
28 56.531976735103747 0.734137232562759 0.083720930232558 0.918473348152197 
29 56.531976735126847 0.734137232562759 0.083720930232558 0.918473348152197 
30 56.531976735163830 0.734137232562759 0.083720930232558 0.918473348152197 
31 56.531976735131686 0.734137232562759 0.083720930232558 0.918473348152197 
32 56.531976735156405 0.734137232562759 0.083720930232558 0.918473348152197 
33 56.531976733875382 0.734137232562759 0.083720930232558 0.918473348152197 
34 56.531976735149783 0.734137232562759 0.083720930232558 0.918473348152197 
35 56.531976735130527 0.734137232562759 0.083720930232558 0.918473348152197 
36 56.531976735107975 0.734137232562759 0.083720930232558 0.918473348152197 
37 56.531976735149939 0.734137232562759 0.083720930232558 0.918473348152197 
38 56.531976735115556 0.734137232562759 0.083720930232558 0.918473348152197 
39 56.531976735111044 0.734137232562759 0.083720930232558 0.918473348152197 
40 56.531976733839230 0.734137232562759 0.083720930232558 0.918473348152197 
41 56.531976733871417 0.734137232562759 0.083720930232558 0.918473348152197 
42 56.531976735140780 0.734137232562759 0.083720930232558 0.918473348152197 
43 56.531976735093572 0.734137232562759 0.083720930232558 0.918473348152197 
44 56.531976733865875 0.734137232562759 0.083720930232558 0.918473348152197 
45 56.531976735164292 0.734137232562759 0.083720930232558 0.918473348152197 
46 56.531976733908976 0.734137232562759 0.083720930232558 0.918473348152197 
47 56.531976735092783 0.734137232562759 0.083720930232558 0.918473348152197 
48 58.422358939777219 0.668998768390169 0.106976744186047 0.896795332853832 
49 58.422358941201672 0.668998768390169 0.106976744186047 0.896795332853832 
50 56.531976735132353 0.734137232562759 0.083720930232558 0.918473348152197 
51 56.531976735169579 0.734137232562759 0.083720930232558 0.918473348152197 
52 60.018547284818510 0.622213992230566 0.125581395348837 0.881426257680848 
53 56.531976735143104 0.734137232562759 0.083720930232558 0.918473348152197 
54 56.531976733888278 0.734137232562759 0.083720930232558 0.918473348152197 
55 56.531976735161095 0.734137232562759 0.083720930232558 0.918473348152197 
56 56.531976735138052 0.734137232562759 0.083720930232558 0.918473348152197 
57 56.531976735142990 0.734137232562759 0.083720930232558 0.918473348152197 
58 56.531976735102688 0.734137232562759 0.083720930232558 0.918473348152197 
59 56.531976735124282 0.734137232562759 0.083720930232558 0.918473348152197 
60 56.531976735110263 0.734137232562759 0.083720930232558 0.918473348152197 
61 56.531976735142344 0.734137232562759 0.083720930232558 0.918473348152197 
62 56.531976735159468 0.734137232562759 0.083720930232558 0.918473348152197 
63 56.531976735138223 0.734137232562759 0.083720930232558 0.918473348152197 
64 56.531976735121908 0.734137232562759 0.083720930232558 0.918473348152197 
65 58.422358941170295 0.668998768390169 0.106976744186047 0.896795332853832 
66 56.531976735167618 0.734137232562759 0.083720930232558 0.918473348152197 
67 56.531976735134272 0.734137232562759 0.083720930232558 0.918473348152197 
68 56.531976735140802 0.734137232562759 0.083720930232558 0.918473348152197 
69 56.531976735106383 0.734137232562759 0.083720930232558 0.918473348152197 
70 58.422358941208323 0.668998768390169 0.106976744186047 0.896795332853832 
71 56.531976735105708 0.734137232562759 0.083720930232558 0.918473348152197 
72 56.531976735095597 0.734137232562759 0.083720930232558 0.918473348152197 
73 56.531976733876085 0.734137232562759 0.083720930232558 0.918473348152197 
74 56.531976735112806 0.734137232562759 0.083720930232558 0.918473348152197 
75 56.531976735107030 0.734137232562759 0.083720930232558 0.918473348152197 
76 56.531976735096798 0.734137232562759 0.083720930232558 0.918473348152197 
77 56.531976735115101 0.734137232562759 0.083720930232558 0.918473348152197 
78 56.531976735118100 0.734137232562759 0.083720930232558 0.918473348152197 
79 56.531976733838675 0.734137232562759 0.083720930232558 0.918473348152197 
80 56.531976735152050 0.734137232562759 0.083720930232558 0.918473348152197 
81 56.531976735156228 0.734137232562759 0.083720930232558 0.918473348152197 
82 56.531976735147623 0.734137232562759 0.083720930232558 0.918473348152197 
83 56.531976733910568 0.734137232562759 0.083720930232558 0.918473348152197 
84 56.531976735107122 0.734137232562759 0.083720930232558 0.918473348152197 
85 56.531976735097203 0.734137232562759 0.083720930232558 0.918473348152197 
86 56.531976735125532 0.734137232562759 0.083720930232558 0.918473348152197 
87 56.531976735089962 0.734137232562759 0.083720930232558 0.918473348152197 
88 56.531976733858514 0.734137232562759 0.083720930232558 0.918473348152197 
89 56.531976735094503 0.734137232562759 0.083720930232558 0.918473348152197 
90 56.531976735117524 0.734137232562759 0.083720930232558 0.918473348152197 
91 56.531976735155560 0.734137232562759 0.083720930232558 0.918473348152197 
92 56.531976735108316 0.734137232562759 0.083720930232558 0.918473348152197 
93 56.531976735120018 0.734137232562759 0.083720930232558 0.918473348152197 
94 56.531976735088108 0.734137232562759 0.083720930232558 0.918473348152197 
95 56.531976733884555 0.734137232562759 0.083720930232558 0.918473348152197 
96 56.531976735113950 0.734137232562759 0.083720930232558 0.918473348152197 
97 56.531976735101360 0.734137232562759 0.083720930232558 0.918473348152197 
98 58.422358941146939 0.668998768390169 0.106976744186047 0.896795332853832 
99 56.531976735161209 0.734137232562759 0.083720930232558 0.918473348152197 
100 56.531976735126811 0.734137232562759 0.083720930232558 0.918473348152197 
