1 51.745443488372509 0.633925188645663 0.120930232558140 0.885478775209635 
2 51.745443488373013 0.633925188645663 0.120930232558140 0.885478775209635 
3 51.745443489898932 0.633925188645663 0.120930232558140 0.885478775209635 
4 51.745443489857443 0.633925188645663 0.120930232558140 0.885478775209635 
5 51.745443489889837 0.633925188645663 0.120930232558140 0.885478775209635 
6 51.745443489830812 0.633925188645663 0.120930232558140 0.885478775209635 
7 51.745443488433324 0.633925188645663 0.120930232558140 0.885478775209635 
8 53.274258056229158 0.597632190744433 0.134883720930233 0.872359790352446 
9 53.274258056228192 0.597632190744433 0.134883720930233 0.872359790352446 
10 51.745443489819230 0.633925188645663 0.120930232558140 0.885478775209635 
11 51.745443488403929 0.633925188645663 0.120930232558140 0.885478775209635 
12 51.745443488459181 0.633925188645663 0.120930232558140 0.885478775209635 
13 51.745443489894342 0.633925188645663 0.120930232558140 0.885478775209635 
14 51.745443489897028 0.633925188645663 0.120930232558140 0.885478775209635 
15 51.745443488397626 0.633925188645663 0.120930232558140 0.885478775209635 
16 51.745443489865714 0.633925188645663 0.120930232558140 0.885478775209635 
17 51.745443489826030 0.633925188645663 0.120930232558140 0.885478775209635 
18 61.477542521598608 0.192456750428410 0.200000000000000 0.656367924904578 
19 51.745443489870034 0.633925188645663 0.120930232558140 0.885478775209635 
20 51.745443488435761 0.633925188645663 0.120930232558140 0.885478775209635 
21 51.745443488445247 0.633925188645663 0.120930232558140 0.885478775209635 
22 51.745443489815365 0.633925188645663 0.120930232558140 0.885478775209635 
23 51.745443489835530 0.633925188645663 0.120930232558140 0.885478775209635 
24 51.745443489888928 0.633925188645663 0.120930232558140 0.885478775209635 
25 53.274258056246985 0.597632190744433 0.134883720930233 0.872359790352446 
26 51.745443489894079 0.633925188645663 0.120930232558140 0.885478775209635 
27 51.745443488398458 0.633925188645663 0.120930232558140 0.885478775209635 
28 51.745443489838614 0.633925188645663 0.120930232558140 0.885478775209635 
29 51.745443489894804 0.633925188645663 0.120930232558140 0.885478775209635 
30 51.745443489894221 0.633925188645663 0.120930232558140 0.885478775209635 
31 51.745443489888103 0.633925188645663 0.120930232558140 0.885478775209635 
32 61.477542521621601 0.192456750428410 0.200000000000000 0.656367924904578 
33 51.745443489837356 0.633925188645663 0.120930232558140 0.885478775209635 
34 51.745443488399694 0.633925188645663 0.120930232558140 0.885478775209635 
35 51.745443488442433 0.633925188645663 0.120930232558140 0.885478775209635 
36 51.745443489819230 0.633925188645663 0.120930232558140 0.885478775209635 
37 51.745443489830194 0.633925188645663 0.120930232558140 0.885478775209635 
38 51.745443489895351 0.633925188645663 0.120930232558140 0.885478775209635 
39 51.745443488423042 0.633925188645663 0.120930232558140 0.885478775209635 
40 51.745443489821803 0.633925188645663 0.120930232558140 0.885478775209635 
41 51.745443489886668 0.633925188645663 0.120930232558140 0.885478775209635 
42 51.745443489894988 0.633925188645663 0.120930232558140 0.885478775209635 
43 51.745443489871100 0.633925188645663 0.120930232558140 0.885478775209635 
44 51.745443488420648 0.633925188645663 0.120930232558140 0.885478775209635 
45 51.745443489818911 0.633925188645663 0.120930232558140 0.885478775209635 
46 51.745443489892494 0.633925188645663 0.120930232558140 0.885478775209635 
47 51.745443489847716 0.633925188645663 0.120930232558140 0.885478775209635 
48 51.745443488379756 0.633925188645663 0.120930232558140 0.885478775209635 
49 51.745443489895109 0.633925188645663 0.120930232558140 0.885478775209635 
50 51.745443489816168 0.633925188645663 0.120930232558140 0.885478775209635 
51 51.745443489851702 0.633925188645663 0.120930232558140 0.885478775209635 
52 51.745443489816907 0.633925188645663 0.120930232558140 0.885478775209635 
53 51.745443489871910 0.633925188645663 0.120930232558140 0.885478775209635 
54 51.745443488425103 0.633925188645663 0.120930232558140 0.885478775209635 
55 51.745443489897802 0.633925188645663 0.120930232558140 0.885478775209635 
56 51.745443489894463 0.633925188645663 0.120930232558140 0.885478775209635 
57 51.745443489853315 0.633925188645663 0.120930232558140 0.885478775209635 
58 53.274258056252371 0.597632190744433 0.134883720930233 0.872359790352446 
59 51.745443489863213 0.633925188645663 0.120930232558140 0.885478775209635 
60 51.745443488376658 0.633925188645663 0.120930232558140 0.885478775209635 
61 51.745443489847673 0.633925188645663 0.120930232558140 0.885478775209635 
62 51.745443489886078 0.633925188645663 0.120930232558140 0.885478775209635 
63 51.745443489856569 0.633925188645663 0.120930232558140 0.885478775209635 
64 51.745443488404369 0.633925188645663 0.120930232558140 0.885478775209635 
65 51.745443489832347 0.633925188645663 0.120930232558140 0.885478775209635 
66 51.745443489817880 0.633925188645663 0.120930232558140 0.885478775209635 
67 51.745443489860179 0.633925188645663 0.120930232558140 0.885478775209635 
68 51.745443489898626 0.633925188645663 0.120930232558140 0.885478775209635 
69 51.745443489880493 0.633925188645663 0.120930232558140 0.885478775209635 
70 51.745443489821177 0.633925188645663 0.120930232558140 0.885478775209635 
71 51.745443488423469 0.633925188645663 0.120930232558140 0.885478775209635 
72 51.745443489846615 0.633925188645663 0.120930232558140 0.885478775209635 
73 51.745443489849890 0.633925188645663 0.120930232558140 0.885478775209635 
74 51.745443489825362 0.633925188645663 0.120930232558140 0.885478775209635 
75 51.745443489815621 0.633925188645663 0.120930232558140 0.885478775209635 
76 51.745443489843602 0.633925188645663 0.120930232558140 0.885478775209635 
77 53.274258056239105 0.597632190744433 0.134883720930233 0.872359790352446 
78 51.745443488434830 0.633925188645663 0.120930232558140 0.885478775209635 
79 51.745443489837392 0.633925188645663 0.120930232558140 0.885478775209635 
80 51.745443489857237 0.633925188645663 0.120930232558140 0.885478775209635 
81 51.745443489869132 0.633925188645663 0.120930232558140 0.885478775209635 
82 51.745443488386755 0.633925188645663 0.120930232558140 0.885478775209635 
83 51.745443488458243 0.633925188645663 0.120930232558140 0.885478775209635 
84 51.745443489894129 0.633925188645663 0.120930232558140 0.885478775209635 
85 51.745443488384176 0.633925188645663 0.120930232558140 0.885478775209635 
86 53.274258056305001 0.597632190744433 0.134883720930233 0.872359790352446 
87 51.745443489817831 0.633925188645663 0.120930232558140 0.885478775209635 
88 51.745443489823622 0.633925188645663 0.120930232558140 0.885478775209635 
89 51.745443488430013 0.633925188645663 0.120930232558140 0.885478775209635 
90 51.745443489826727 0.633925188645663 0.120930232558140 0.885478775209635 
91 53.274258054791432 0.597632190744433 0.134883720930233 0.872359790352446 
92 51.745443488387338 0.633925188645663 0.120930232558140 0.885478775209635 
93 51.745443489822044 0.633925188645663 0.120930232558140 0.885478775209635 
94 51.745443489856200 0.633925188645663 0.120930232558140 0.885478775209635 
95 51.745443489867988 0.633925188645663 0.120930232558140 0.885478775209635 
96 51.745443488445467 0.633925188645663 0.120930232558140 0.885478775209635 
97 51.745443489884508 0.633925188645663 0.120930232558140 0.885478775209635 
98 51.745443489855063 0.633925188645663 0.120930232558140 0.885478775209635 
99 51.745443489862865 0.633925188645663 0.120930232558140 0.885478775209635 
100 51.745443488375805 0.633925188645663 0.120930232558140 0.885478775209635 
