1 46.525792056595023 0.441154382460071 0.204651162790698 0.809617407537274 
2 46.525792058197297 0.441154382460071 0.204651162790698 0.809617407537274 
3 46.525792056602874 0.441154382460071 0.204651162790698 0.809617407537274 
4 46.525792058236100 0.441154382460071 0.204651162790698 0.809617407537274 
5 46.525792056599684 0.441154382460071 0.204651162790698 0.809617407537274 
6 46.525792058188649 0.441154382460071 0.204651162790698 0.809617407537274 
7 46.525792058218549 0.441154382460071 0.204651162790698 0.809617407537274 
8 46.525792058216389 0.441154382460071 0.204651162790698 0.809617407537274 
9 46.525792056540162 0.441154382460071 0.204651162790698 0.809617407537274 
10 46.525792058191229 0.441154382460071 0.204651162790698 0.809617407537274 
11 46.525792058173231 0.441154382460071 0.204651162790698 0.809617407537274 
12 46.525792056611394 0.441154382460071 0.204651162790698 0.809617407537274 
13 46.525792058168484 0.441154382460071 0.204651162790698 0.809617407537274 
14 46.525792056545647 0.441154382460071 0.204651162790698 0.809617407537274 
15 46.525792058234892 0.441154382460071 0.204651162790698 0.809617407537274 
16 46.525792056566758 0.441154382460071 0.204651162790698 0.809617407537274 
17 46.525792058245528 0.441154382460071 0.204651162790698 0.809617407537274 
18 46.525792058205859 0.441154382460071 0.204651162790698 0.809617407537274 
19 46.525792056594433 0.441154382460071 0.204651162790698 0.809617407537274 
20 46.525792058171618 0.441154382460071 0.204651162790698 0.809617407537274 
21 46.525792058205688 0.441154382460071 0.204651162790698 0.809617407537274 
22 46.525792056616929 0.441154382460071 0.204651162790698 0.809617407537274 
23 46.525792056611088 0.441154382460071 0.204651162790698 0.809617407537274 
24 46.525792058222798 0.441154382460071 0.204651162790698 0.809617407537274 
25 46.525792056543736 0.441154382460071 0.204651162790698 0.809617407537274 
26 46.525792056593659 0.441154382460071 0.204651162790698 0.809617407537274 
27 46.525792058210023 0.441154382460071 0.204651162790698 0.809617407537274 
28 46.525792058249884 0.441154382460071 0.204651162790698 0.809617407537274 
29 46.525792058174616 0.441154382460071 0.204651162790698 0.809617407537274 
30 46.525792056551673 0.441154382460071 0.204651162790698 0.809617407537274 
31 46.525792056584841 0.441154382460071 0.204651162790698 0.809617407537274 
32 46.525792056610833 0.441154382460071 0.204651162790698 0.809617407537274 
33 46.525792056624475 0.441154382460071 0.204651162790698 0.809617407537274 
34 46.525792056591492 0.441154382460071 0.204651162790698 0.809617407537274 
35 46.525792058203287 0.441154382460071 0.204651162790698 0.809617407537274 
36 46.525792058182297 0.441154382460071 0.204651162790698 0.809617407537274 
37 46.525792056589566 0.441154382460071 0.204651162790698 0.809617407537274 
38 46.525792058172783 0.441154382460071 0.204651162790698 0.809617407537274 
39 46.525792056576002 0.441154382460071 0.204651162790698 0.809617407537274 
40 46.525792058222500 0.441154382460071 0.204651162790698 0.809617407537274 
41 46.525792056596416 0.441154382460071 0.204651162790698 0.809617407537274 
42 46.525792058230529 0.441154382460071 0.204651162790698 0.809617407537274 
43 46.525792056542109 0.441154382460071 0.204651162790698 0.809617407537274 
44 46.525792058174538 0.441154382460071 0.204651162790698 0.809617407537274 
45 46.525792056585082 0.441154382460071 0.204651162790698 0.809617407537274 
46 46.525792056614520 0.441154382460071 0.204651162790698 0.809617407537274 
47 46.525792058186809 0.441154382460071 0.204651162790698 0.809617407537274 
48 46.525792056591911 0.441154382460071 0.204651162790698 0.809617407537274 
49 46.525792056601624 0.441154382460071 0.204651162790698 0.809617407537274 
50 46.525792058175597 0.441154382460071 0.204651162790698 0.809617407537274 
51 46.525792058179476 0.441154382460071 0.204651162790698 0.809617407537274 
52 46.525792058199805 0.441154382460071 0.204651162790698 0.809617407537274 
53 46.525792058201539 0.441154382460071 0.204651162790698 0.809617407537274 
54 46.525792056602548 0.441154382460071 0.204651162790698 0.809617407537274 
55 46.525792056590987 0.441154382460071 0.204651162790698 0.809617407537274 
56 46.525792058208005 0.441154382460071 0.204651162790698 0.809617407537274 
57 46.525792058210250 0.441154382460071 0.204651162790698 0.809617407537274 
58 46.525792056570467 0.441154382460071 0.204651162790698 0.809617407537274 
59 46.525792058245877 0.441154382460071 0.204651162790698 0.809617407537274 
60 46.525792056620304 0.441154382460071 0.204651162790698 0.809617407537274 
61 46.525792058224170 0.441154382460071 0.204651162790698 0.809617407537274 
62 46.525792056552447 0.441154382460071 0.204651162790698 0.809617407537274 
63 46.525792058188713 0.441154382460071 0.204651162790698 0.809617407537274 
64 46.525792058165280 0.441154382460071 0.204651162790698 0.809617407537274 
65 46.525792058166182 0.441154382460071 0.204651162790698 0.809617407537274 
66 46.525792058223466 0.441154382460071 0.204651162790698 0.809617407537274 
67 46.525792056545519 0.441154382460071 0.204651162790698 0.809617407537274 
68 46.525792056588635 0.441154382460071 0.204651162790698 0.809617407537274 
69 46.525792058168349 0.441154382460071 0.204651162790698 0.809617407537274 
70 46.525792058185033 0.441154382460071 0.204651162790698 0.809617407537274 
71 46.525792058244811 0.441154382460071 0.204651162790698 0.809617407537274 
72 46.525792056614328 0.441154382460071 0.204651162790698 0.809617407537274 
73 46.525792058179356 0.441154382460071 0.204651162790698 0.809617407537274 
74 46.525792058207152 0.441154382460071 0.204651162790698 0.809617407537274 
75 46.525792058241237 0.441154382460071 0.204651162790698 0.809617407537274 
76 46.525792058239219 0.441154382460071 0.204651162790698 0.809617407537274 
77 46.525792058214506 0.441154382460071 0.204651162790698 0.809617407537274 
78 46.525792058176187 0.441154382460071 0.204651162790698 0.809617407537274 
79 46.525792058231175 0.441154382460071 0.204651162790698 0.809617407537274 
80 46.525792058175824 0.441154382460071 0.204651162790698 0.809617407537274 
81 46.525792058165017 0.441154382460071 0.204651162790698 0.809617407537274 
82 60.735254794355576 0.282403521723571 0.190697674418605 0.739693949461391 
83 46.525792056597894 0.441154382460071 0.204651162790698 0.809617407537274 
84 46.525792056580812 0.441154382460071 0.204651162790698 0.809617407537274 
85 46.525792058164406 0.441154382460071 0.204651162790698 0.809617407537274 
86 46.525792058240832 0.441154382460071 0.204651162790698 0.809617407537274 
87 46.525792056591563 0.441154382460071 0.204651162790698 0.809617407537274 
88 46.525792058210769 0.441154382460071 0.204651162790698 0.809617407537274 
89 46.525792058208992 0.441154382460071 0.204651162790698 0.809617407537274 
90 46.525792058209980 0.441154382460071 0.204651162790698 0.809617407537274 
91 46.525792056562977 0.441154382460071 0.204651162790698 0.809617407537274 
92 46.525792056587669 0.441154382460071 0.204651162790698 0.809617407537274 
93 46.525792056540155 0.441154382460071 0.204651162790698 0.809617407537274 
94 46.525792056554252 0.441154382460071 0.204651162790698 0.809617407537274 
95 46.525792058160405 0.441154382460071 0.204651162790698 0.809617407537274 
96 46.525792058237734 0.441154382460071 0.204651162790698 0.809617407537274 
97 46.525792056622521 0.441154382460071 0.204651162790698 0.809617407537274 
98 46.525792058221917 0.441154382460071 0.204651162790698 0.809617407537274 
99 46.525792058221015 0.441154382460071 0.204651162790698 0.809617407537274 
100 46.525792058228262 0.441154382460071 0.204651162790698 0.809617407537274 
