1 60.521998613605668 0.803876421519589 0.060465116279070 0.939363299322854 
2 60.521998615017225 0.803876421519589 0.060465116279070 0.939363299322854 
3 62.547323069094006 0.748244220867417 0.079069767441860 0.922183778838621 
4 60.521998613662340 0.803876421519589 0.060465116279070 0.939363299322854 
5 60.521998613646240 0.803876421519589 0.060465116279070 0.939363299322854 
6 62.547323069076597 0.748244220867417 0.079069767441860 0.922183778838621 
7 60.521998613633180 0.803876421519589 0.060465116279070 0.939363299322854 
8 60.521998613643007 0.803876421519589 0.060465116279070 0.939363299322854 
9 60.521998613612979 0.803876421519589 0.060465116279070 0.939363299322854 
10 60.521998613582028 0.803876421519589 0.060465116279070 0.939363299322854 
11 60.521998613660891 0.803876421519589 0.060465116279070 0.939363299322854 
12 60.521998613643149 0.803876421519589 0.060465116279070 0.939363299322854 
13 60.521998613625570 0.803876421519589 0.060465116279070 0.939363299322854 
14 60.521998613659086 0.803876421519589 0.060465116279070 0.939363299322854 
15 60.521998613644989 0.803876421519589 0.060465116279070 0.939363299322854 
16 60.521998613662745 0.803876421519589 0.060465116279070 0.939363299322854 
17 62.547323070639273 0.748244220867417 0.079069767441860 0.922183778838621 
18 60.521998614971622 0.803876421519589 0.060465116279070 0.939363299322854 
19 60.521998613640498 0.803876421519589 0.060465116279070 0.939363299322854 
20 60.521998613659413 0.803876421519589 0.060465116279070 0.939363299322854 
21 60.521998614985520 0.803876421519589 0.060465116279070 0.939363299322854 
22 60.521998613633137 0.803876421519589 0.060465116279070 0.939363299322854 
23 60.521998615021708 0.803876421519589 0.060465116279070 0.939363299322854 
24 60.521998613662483 0.803876421519589 0.060465116279070 0.939363299322854 
25 60.521998614977683 0.803876421519589 0.060465116279070 0.939363299322854 
26 62.547323069110547 0.748244220867417 0.079069767441860 0.922183778838621 
27 60.521998613641372 0.803876421519589 0.060465116279070 0.939363299322854 
28 60.521998615024955 0.803876421519589 0.060465116279070 0.939363299322854 
29 60.521998613647845 0.803876421519589 0.060465116279070 0.939363299322854 
30 60.521998614973555 0.803876421519589 0.060465116279070 0.939363299322854 
31 60.521998613614876 0.803876421519589 0.060465116279070 0.939363299322854 
32 60.521998615002481 0.803876421519589 0.060465116279070 0.939363299322854 
33 60.521998613592473 0.803876421519589 0.060465116279070 0.939363299322854 
34 60.521998613621847 0.803876421519589 0.060465116279070 0.939363299322854 
35 60.521998613630664 0.803876421519589 0.060465116279070 0.939363299322854 
36 60.521998613616226 0.803876421519589 0.060465116279070 0.939363299322854 
37 60.521998613624447 0.803876421519589 0.060465116279070 0.939363299322854 
38 60.521998613612013 0.803876421519589 0.060465116279070 0.939363299322854 
39 60.521998614969426 0.803876421519589 0.060465116279070 0.939363299322854 
40 60.521998613612581 0.803876421519589 0.060465116279070 0.939363299322854 
41 60.521998615024721 0.803876421519589 0.060465116279070 0.939363299322854 
42 60.521998613621449 0.803876421519589 0.060465116279070 0.939363299322854 
43 60.521998614964730 0.803876421519589 0.060465116279070 0.939363299322854 
44 60.521998613598235 0.803876421519589 0.060465116279070 0.939363299322854 
45 60.521998613584870 0.803876421519589 0.060465116279070 0.939363299322854 
46 60.521998613613725 0.803876421519589 0.060465116279070 0.939363299322854 
47 60.521998613589247 0.803876421519589 0.060465116279070 0.939363299322854 
48 60.521998613593141 0.803876421519589 0.060465116279070 0.939363299322854 
49 60.521998615000079 0.803876421519589 0.060465116279070 0.939363299322854 
50 60.521998613653793 0.803876421519589 0.060465116279070 0.939363299322854 
51 60.521998613621250 0.803876421519589 0.060465116279070 0.939363299322854 
52 60.521998613645252 0.803876421519589 0.060465116279070 0.939363299322854 
53 60.521998613664628 0.803876421519589 0.060465116279070 0.939363299322854 
54 60.521998614977342 0.803876421519589 0.060465116279070 0.939363299322854 
55 60.521998614970563 0.803876421519589 0.060465116279070 0.939363299322854 
56 60.521998613644023 0.803876421519589 0.060465116279070 0.939363299322854 
57 60.521998613652109 0.803876421519589 0.060465116279070 0.939363299322854 
58 60.521998613647249 0.803876421519589 0.060465116279070 0.939363299322854 
59 60.521998613608439 0.803876421519589 0.060465116279070 0.939363299322854 
60 60.521998613646602 0.803876421519589 0.060465116279070 0.939363299322854 
61 64.454335701947997 0.682876764708303 0.102325581395349 0.901282457743546 
62 60.521998613603927 0.803876421519589 0.060465116279070 0.939363299322854 
63 60.521998613584245 0.803876421519589 0.060465116279070 0.939363299322854 
64 60.521998613596509 0.803876421519589 0.060465116279070 0.939363299322854 
65 60.521998613583612 0.803876421519589 0.060465116279070 0.939363299322854 
66 60.521998613637578 0.803876421519589 0.060465116279070 0.939363299322854 
67 60.521998613588124 0.803876421519589 0.060465116279070 0.939363299322854 
68 60.521998614994800 0.803876421519589 0.060465116279070 0.939363299322854 
69 60.521998613628917 0.803876421519589 0.060465116279070 0.939363299322854 
70 60.521998613621967 0.803876421519589 0.060465116279070 0.939363299322854 
71 60.521998615000157 0.803876421519589 0.060465116279070 0.939363299322854 
72 60.521998614975317 0.803876421519589 0.060465116279070 0.939363299322854 
73 60.521998613629982 0.803876421519589 0.060465116279070 0.939363299322854 
74 60.521998613632753 0.803876421519589 0.060465116279070 0.939363299322854 
75 60.521998615019555 0.803876421519589 0.060465116279070 0.939363299322854 
76 60.521998613644243 0.803876421519589 0.060465116279070 0.939363299322854 
77 60.521998615038854 0.803876421519589 0.060465116279070 0.939363299322854 
78 60.521998613645778 0.803876421519589 0.060465116279070 0.939363299322854 
79 60.521998613603991 0.803876421519589 0.060465116279070 0.939363299322854 
80 60.521998613660877 0.803876421519589 0.060465116279070 0.939363299322854 
81 60.521998614995475 0.803876421519589 0.060465116279070 0.939363299322854 
82 60.521998613659946 0.803876421519589 0.060465116279070 0.939363299322854 
83 60.521998613589204 0.803876421519589 0.060465116279070 0.939363299322854 
84 60.521998613625513 0.803876421519589 0.060465116279070 0.939363299322854 
85 60.521998614991496 0.803876421519589 0.060465116279070 0.939363299322854 
86 60.521998613662184 0.803876421519589 0.060465116279070 0.939363299322854 
87 60.521998613666248 0.803876421519589 0.060465116279070 0.939363299322854 
88 60.521998613635859 0.803876421519589 0.060465116279070 0.939363299322854 
89 60.521998615018809 0.803876421519589 0.060465116279070 0.939363299322854 
90 60.521998613640569 0.803876421519589 0.060465116279070 0.939363299322854 
91 60.521998613600481 0.803876421519589 0.060465116279070 0.939363299322854 
92 60.521998613613825 0.803876421519589 0.060465116279070 0.939363299322854 
93 60.521998613592146 0.803876421519589 0.060465116279070 0.939363299322854 
94 60.521998613579179 0.803876421519589 0.060465116279070 0.939363299322854 
95 60.521998614966591 0.803876421519589 0.060465116279070 0.939363299322854 
96 60.521998613587087 0.803876421519589 0.060465116279070 0.939363299322854 
97 60.521998613595251 0.803876421519589 0.060465116279070 0.939363299322854 
98 60.521998613617278 0.803876421519589 0.060465116279070 0.939363299322854 
99 60.521998614985804 0.803876421519589 0.060465116279070 0.939363299322854 
100 60.521998615006019 0.803876421519589 0.060465116279070 0.939363299322854 
