1.000000     107.000000     10.100000     2.200000     0.900000     2.700000     
1.000000     107.726752     9.900000     3.100000     2.000000     1.976071     
1.000000     103.658240     12.900000     2.400000     1.137059     0.600000     
1.000000     109.000000     5.300000     1.600000     1.400000     1.500000     
1.000000     109.248606     7.300000     1.500000     1.500000     -0.100000     
1.000000     105.000000     8.900609     2.100000     1.345250     7.000000     
1.000000     110.000000     10.400000     1.600000     1.600000     2.700000     
1.000000     114.000000     9.900000     2.400000     1.329090     5.700000     
1.000000     106.000000     9.400000     2.200000     1.500000     0.000000     
1.000000     107.000000     9.199469     1.100000     0.900000     3.100000     
1.000000     106.000000     4.200000     1.779306     1.600000     2.761289     
1.000000     110.000000     11.300000     2.300000     0.900000     3.300000     
1.000000     116.000000     9.200000     2.700000     1.324738     4.200000     
1.000000     112.000000     8.100000     1.900000     1.313811     2.000000     
1.000000     111.724905     9.700000     1.600000     0.900000     3.112944     
1.000000     111.730509     8.400000     2.100000     1.100000     3.600000     
1.000000     111.000000     8.400000     1.500000     0.800000     1.200000     
1.000000     111.658266     6.700000     1.500000     1.000000     3.500000     
1.000000     119.000000     10.600000     2.100000     1.300000     1.100000     
1.000000     115.000000     9.107140     1.300000     1.300000     2.000000     
1.000000     101.000000     7.800000     1.200000     1.225932     1.700000     
1.000000     111.477565     8.990457     1.300000     0.700000     3.044065     
1.000000     109.000000     10.056942     1.900000     0.400000     -0.100000     
1.000000     102.000000     7.600000     1.750681     2.000000     2.500000     
1.000000     104.372488     10.100000     1.700000     1.154033     0.100000     
1.000000     100.000000     6.100000     2.400000     1.800000     3.800000     
1.000000     106.000000     12.086903     2.400000     1.138282     1.300000     
1.000000     116.000000     10.100000     1.789870     1.600000     0.800000     
1.000000     103.701511     11.100000     2.000000     1.000000     1.000000     
1.000000     110.000000     10.400000     1.800000     1.309744     2.300000     
1.000000     120.000000     8.400000     1.100000     1.400000     1.400000     
1.000000     116.000000     11.100000     2.000000     1.200000     2.300000     
1.000000     111.762843     7.800000     1.900000     2.100000     6.400000     
1.000000     110.691514     8.100000     1.600000     1.400000     1.100000     
1.000000     117.000000     12.200000     1.742140     1.200000     3.900000     
1.000000     117.000000     11.000000     1.400000     1.500000     2.100000     
1.000000     113.000000     9.035822     2.000000     1.800000     1.600000     
1.000000     106.000000     9.400000     1.500000     0.800000     0.500000     
1.000000     130.000000     9.500000     1.700000     0.400000     3.200000     
1.000000     100.000000     10.500000     1.983462     0.900000     1.900000     
1.000000     121.000000     9.363899     2.400000     0.800000     3.000000     
1.000000     110.000000     9.200000     1.600000     1.500000     0.300000     
1.000000     103.674756     12.100425     2.700000     1.200000     0.809645     
1.000000     121.000000     13.500000     1.500000     1.600000     0.500000     
1.000000     123.000000     8.100000     2.300000     1.000000     2.776059     
1.000000     107.000000     8.400000     1.800000     1.500000     0.800000     
1.000000     109.000000     10.000000     1.300000     1.800000     3.064274     
1.000000     120.000000     6.800000     1.900000     1.335680     3.046207     
1.000000     100.000000     11.965916     2.043872     1.300000     -0.200000     
1.000000     118.000000     8.100000     1.900000     1.500000     13.700000     
1.000000     104.805054     11.300000     2.500000     0.700000     -0.300000     
1.000000     103.000000     12.200000     1.200000     1.300000     2.700000     
1.000000     115.000000     8.100000     1.700000     0.600000     3.081787     
1.000000     119.000000     8.000000     2.000000     0.600000     3.013025     
1.000000     106.000000     9.400000     1.700000     0.900000     3.100000     
1.000000     114.000000     10.900000     2.100000     0.300000     1.400000     
1.000000     111.621073     8.900000     1.500000     0.800000     2.700000     
1.000000     120.000000     10.400000     2.100000     1.273392     1.800000     
1.000000     103.895619     11.300000     1.800000     0.900000     1.000000     
1.000000     110.000000     8.700000     1.725468     1.600000     3.128641     
1.000000     103.000000     9.068127     1.400000     0.500000     3.800000     
1.000000     111.249178     7.100000     1.747013     0.800000     2.200000     
1.000000     115.000000     10.400000     1.800000     1.600000     2.000000     
1.000000     116.000000     10.000000     1.700000     1.500000     4.300000     
1.000000     117.000000     9.200000     1.900000     1.500000     6.800000     
1.000000     106.000000     6.700000     1.500000     1.200000     3.012879     
1.000000     118.000000     10.500000     2.100000     0.700000     3.500000     
1.000000     97.000000     7.800000     1.300000     1.200000     0.900000     
1.000000     113.000000     11.100000     1.773257     0.800000     2.300000     
1.000000     104.000000     6.300000     2.000000     1.337970     4.000000     
1.000000     96.000000     9.400000     1.808254     1.288888     3.100000     
1.000000     120.000000     12.400000     2.400000     0.800000     1.900000     
1.000000     133.000000     9.700000     2.900000     0.800000     1.900000     
1.000000     126.000000     9.400000     2.300000     1.000000     2.526282     
1.000000     107.431412     8.500000     1.800000     0.800000     0.500000     
1.000000     109.000000     9.700000     1.400000     1.100000     2.100000     
1.000000     110.851059     12.900000     1.500000     1.300000     3.600000     
1.000000     101.000000     7.100000     1.600000     1.500000     2.869085     
1.000000     108.000000     10.400000     2.100000     1.300000     2.400000     
1.000000     117.000000     6.700000     2.200000     1.800000     6.700000     
1.000000     115.000000     15.300000     2.300000     2.000000     2.000000     
1.000000     91.000000     8.000000     1.700000     2.100000     4.600000     
1.000000     103.000000     8.500000     1.800000     1.900000     1.100000     
1.000000     98.000000     9.100000     1.400000     1.182159     -0.300000     
1.000000     111.000000     7.800000     2.000000     1.317461     4.100000     
1.000000     110.870129     13.000000     1.761216     2.800000     1.700000     
1.000000     119.000000     11.400000     2.300000     2.200000     1.600000     
1.000000     122.000000     11.800000     1.784263     1.700000     2.300000     
1.000000     105.000000     8.100000     1.798373     1.900000     -0.500000     
1.000000     109.000000     7.600000     1.300000     1.301125     1.900000     
1.000000     111.783188     8.868982     1.800000     1.600000     3.600000     
1.000000     112.000000     5.900000     1.756938     2.000000     1.300000     
1.000000     112.000000     9.500000     2.000000     1.200000     3.120946     
1.000000     111.765488     8.600000     1.600000     1.600000     6.000000     
1.000000     109.000000     12.400000     2.300000     1.700000     0.800000     
1.000000     105.739645     9.100000     2.600000     1.500000     1.500000     
1.000000     114.000000     11.100000     2.400000     2.000000     -0.300000     
1.000000     110.929338     9.209178     1.400000     1.000000     1.900000     
1.000000     120.000000     8.930527     1.200000     1.500000     4.300000     
1.000000     108.000000     12.098461     2.057536     1.137550     0.811043     
1.000000     108.000000     8.700000     1.200000     1.307924     2.500000     
1.000000     116.000000     11.900000     1.800000     1.900000     1.500000     
1.000000     113.000000     11.500000     1.500000     1.900000     2.900000     
1.000000     105.000000     7.000000     1.500000     2.700000     4.300000     
1.000000     114.000000     8.871698     1.600000     1.600000     3.127551     
1.000000     110.327301     8.100000     1.784858     1.600000     0.500000     
1.000000     105.000000     11.100000     2.023990     0.800000     1.200000     
1.000000     104.415525     13.800000     1.500000     1.000000     1.900000     
1.000000     116.000000     8.876095     1.800000     1.320971     5.400000     
1.000000     102.000000     9.500000     1.999271     1.100000     1.600000     
1.000000     116.000000     16.100000     2.015999     1.300000     1.500000     
1.000000     118.000000     8.889837     1.800000     1.400000     3.000000     
1.000000     109.000000     8.900000     1.700000     1.000000     0.900000     
1.000000     110.000000     8.949032     1.000000     1.600000     4.300000     
1.000000     104.000000     12.039065     1.100000     1.141604     0.800000     
1.000000     105.000000     8.700000     1.500000     1.100000     1.500000     
1.000000     102.000000     8.500000     1.985498     1.178987     1.400000     
1.000000     111.729065     6.800000     1.700000     1.400000     3.300000     
1.000000     111.782106     8.869411     1.600000     1.100000     3.900000     
1.000000     111.775225     8.500000     1.600000     1.200000     7.700000     
1.000000     103.000000     7.300000     1.000000     1.203708     0.500000     
1.000000     110.762023     10.400000     1.766188     2.300000     -0.700000     
1.000000     117.000000     7.800000     1.727067     1.000000     3.900000     
1.000000     111.785840     9.100000     1.700000     1.316344     4.100000     
1.000000     101.000000     6.300000     1.500000     0.900000     2.396763     
1.000000     108.079085     8.900000     0.700000     1.271780     2.300000     
1.000000     102.000000     8.400000     1.500000     0.800000     2.400000     
1.000000     115.000000     10.600000     1.728829     2.100000     4.600000     
1.000000     130.000000     10.000000     1.600000     1.377414     4.600000     
1.000000     111.767690     6.700000     1.300000     1.000000     5.700000     
1.000000     110.000000     6.300000     1.000000     0.800000     2.760229     
1.000000     104.075494     9.500000     2.900000     1.400000     0.924836     
1.000000     113.000000     7.800000     1.725990     1.100000     3.000000     
1.000000     112.000000     10.600000     1.600000     0.900000     -0.100000     
1.000000     118.000000     9.679721     1.200000     1.200000     1.700000     
1.000000     111.778757     9.200000     1.800000     1.100000     4.400000     
1.000000     116.000000     7.800000     1.726325     1.100000     3.700000     
1.000000     127.000000     7.700000     1.800000     1.498807     6.400000     
1.000000     107.542728     6.500000     1.000000     0.900000     1.500000     
1.000000     111.601478     7.100000     1.732689     1.600000     2.200000     
1.000000     105.000000     5.700000     1.000000     0.900000     2.184581     
1.000000     98.000000     5.700000     0.400000     1.300000     2.800000     
1.000000     110.182081     6.500000     1.200000     1.327735     2.000000     
1.000000     118.000000     12.200000     1.830337     1.000000     2.300000     
1.000000     94.000000     7.500000     1.200000     1.300000     1.362464     
1.000000     111.787399     8.867311     1.700000     1.200000     3.500000     
1.000000     114.000000     7.500000     1.100000     1.600000     4.400000     
1.000000     111.000000     8.967994     2.300000     0.900000     3.800000     
1.000000     111.270223     6.100000     1.800000     0.500000     2.996470     
1.000000     102.000000     6.600000     1.200000     1.232718     1.300000     
2.000000     139.000000     10.908605     1.933796     1.100000     -0.200000     
2.000000     111.000000     16.000000     2.033765     0.900000     -0.100000     
2.000000     113.000000     17.200000     1.800000     1.000000     0.000000     
2.000000     65.000000     25.300000     5.800000     1.300000     0.200000     
2.000000     88.000000     24.100000     2.020176     0.800000     1.073157     
2.000000     65.000000     18.200000     10.000000     1.300000     0.100000     
2.000000     134.000000     9.817611     1.820935     0.600000     2.467372     
2.000000     110.000000     20.300000     3.700000     0.600000     0.200000     
2.000000     104.587154     11.735352     7.400000     1.800000     -0.600000     
2.000000     95.000000     11.100000     2.700000     1.600000     -0.300000     
2.000000     107.583678     10.542205     1.897222     0.500000     0.200000     
2.000000     89.000000     23.800000     5.400000     0.500000     1.045879     
2.000000     88.000000     12.900000     2.700000     1.149576     0.200000     
2.000000     105.000000     17.400000     1.978613     0.300000     1.363072     
2.000000     104.133907     20.100000     7.300000     1.100000     -0.200000     
2.000000     99.000000     13.000000     3.600000     1.144803     -0.100000     
2.000000     80.000000     23.000000     10.000000     0.900000     -0.100000     
2.000000     89.000000     21.800000     7.100000     0.700000     -0.100000     
2.000000     105.623237     13.000000     1.977610     0.500000     -0.100000     
2.000000     104.228221     14.700000     7.800000     0.600000     -0.200000     
2.000000     97.000000     14.200000     3.600000     1.500000     0.300000     
2.000000     104.482827     21.500000     2.024246     1.100000     -0.600000     
2.000000     84.000000     18.500000     4.400000     1.100000     -0.300000     
2.000000     98.000000     16.700000     4.300000     1.700000     0.948578     
2.000000     94.000000     20.500000     1.800000     1.400000     -0.500000     
2.000000     99.000000     12.090157     2.056679     1.138168     0.300000     
2.000000     103.861117     12.026137     2.050085     1.200000     -0.100000     
2.000000     110.000000     8.930236     1.900000     0.700000     3.086017     
2.000000     144.000000     11.025551     1.945901     1.300000     0.600000     
2.000000     105.000000     12.000000     2.058656     1.100000     0.803228     
2.000000     88.000000     16.500000     2.033084     0.800000     0.100000     
2.000000     97.000000     15.100000     1.800000     1.200000     0.835050     
2.000000     106.000000     13.400000     2.053069     1.100000     0.000000     
2.000000     79.000000     19.000000     5.500000     0.900000     0.300000     
2.000000     92.000000     11.665359     2.012756     0.700000     -0.200000     
3.000000     125.000000     2.995354     0.900000     16.500000     9.500000     
3.000000     120.000000     6.800000     2.100000     10.400000     38.600000     
3.000000     108.000000     3.500000     0.600000     1.700000     1.400000     
3.000000     111.645738     3.000000     1.717541     1.200000     4.500000     
3.000000     119.000000     3.800000     1.100000     23.000000     5.700000     
3.000000     141.000000     3.049933     0.884682     9.200000     14.400000     
3.000000     129.000000     1.500000     0.600000     12.500000     9.661897     
3.000000     118.000000     3.600000     0.879485     13.415371     48.800000     
3.000000     120.000000     1.900000     0.700000     18.500000     24.000000     
3.000000     119.000000     10.631227     0.700000     1.256116     1.871695     
3.000000     123.000000     3.006932     1.100000     13.700000     56.300000     
3.000000     115.000000     3.003335     1.200000     13.435455     9.658986     
3.000000     126.000000     0.500000     0.200000     13.353074     8.800000     
3.000000     121.000000     4.700000     1.800000     1.643687     3.059083     
3.000000     131.000000     2.700000     0.800000     13.447582     4.700000     
3.000000     134.000000     3.001638     0.500000     12.200000     9.660858     
3.000000     141.000000     2.500000     1.300000     13.386349     7.500000     
3.000000     124.714247     5.100000     0.700000     5.800000     19.600000     
3.000000     136.000000     1.400000     0.300000     32.600000     8.400000     
3.000000     120.000000     3.400000     1.800000     13.297356     21.500000     
3.000000     125.355325     3.700000     1.100000     8.500000     25.900000     
3.000000     123.000000     1.900000     0.300000     22.800000     22.200000     
3.000000     112.000000     2.600000     0.700000     41.000000     19.000000     
3.000000     134.000000     1.900000     0.600000     18.400000     8.200000     
3.000000     119.000000     5.100000     1.100000     13.352174     40.800000     
3.000000     112.120962     8.718974     1.300000     1.700000     11.500000     
3.000000     139.000000     3.868097     0.700000     4.300000     6.300000     
3.000000     103.000000     5.100000     1.400000     1.571719     5.000000     
3.000000     97.000000     4.700000     1.100000     2.100000     12.600000     
3.000000     102.000000     8.905536     1.400000     1.363482     6.700000     
