1.000000     107.000000     10.100000     2.200000     0.900000     2.700000     
1.000000     113.000000     9.900000     3.100000     2.000000     5.900000     
1.000000     127.000000     12.900000     2.400000     1.400000     0.600000     
1.000000     109.000000     5.300000     1.600000     1.400000     1.500000     
1.000000     105.000000     7.300000     1.500000     1.500000     -0.100000     
1.000000     105.000000     6.100000     2.100000     1.400000     7.000000     
1.000000     110.000000     10.400000     1.600000     1.600000     2.700000     
1.000000     114.000000     9.900000     2.400000     1.500000     5.700000     
1.000000     106.000000     9.400000     2.200000     1.500000     0.000000     
1.000000     107.000000     13.000000     1.100000     0.900000     3.100000     
1.000000     106.000000     4.200000     1.200000     1.600000     3.145245     
1.000000     110.000000     11.300000     2.300000     0.900000     3.300000     
1.000000     116.000000     9.200000     2.700000     1.000000     4.200000     
1.000000     112.000000     8.100000     1.900000     1.323886     2.000000     
1.000000     122.000000     9.700000     1.600000     0.900000     2.200000     
1.000000     109.000000     8.400000     2.100000     1.100000     3.600000     
1.000000     111.000000     8.400000     1.500000     0.800000     1.200000     
1.000000     114.000000     6.700000     1.500000     1.000000     3.500000     
1.000000     119.000000     10.600000     2.100000     1.300000     1.100000     
1.000000     115.000000     7.100000     1.300000     1.300000     2.000000     
1.000000     101.000000     7.800000     1.200000     1.330786     1.700000     
1.000000     104.913237     10.100000     1.300000     0.700000     0.100000     
1.000000     109.000000     10.400000     1.900000     0.400000     -0.100000     
1.000000     102.000000     7.600000     1.800000     2.000000     2.500000     
1.000000     121.000000     10.100000     1.700000     1.300000     0.100000     
1.000000     100.000000     6.100000     2.400000     1.800000     3.800000     
1.000000     106.000000     9.600000     2.400000     1.000000     1.300000     
1.000000     116.000000     10.100000     2.200000     1.600000     0.800000     
1.000000     105.000000     11.100000     2.000000     1.000000     1.000000     
1.000000     110.000000     10.400000     1.800000     1.000000     2.300000     
1.000000     120.000000     8.400000     1.100000     1.400000     1.400000     
1.000000     116.000000     11.100000     2.000000     1.200000     2.300000     
1.000000     110.920339     7.800000     1.900000     2.100000     6.400000     
1.000000     90.000000     8.100000     1.600000     1.400000     1.100000     
1.000000     117.000000     12.200000     1.900000     1.200000     3.900000     
1.000000     117.000000     11.000000     1.400000     1.500000     2.100000     
1.000000     113.000000     9.000396     2.000000     1.800000     1.600000     
1.000000     106.000000     9.400000     1.500000     0.800000     0.500000     
1.000000     130.000000     9.500000     1.700000     0.400000     3.200000     
1.000000     100.000000     10.500000     2.400000     0.900000     1.900000     
1.000000     121.000000     10.100000     2.400000     0.800000     3.000000     
1.000000     110.000000     9.200000     1.600000     1.500000     0.300000     
1.000000     129.000000     9.360999     2.700000     1.200000     3.500000     
1.000000     121.000000     13.500000     1.500000     1.600000     0.500000     
1.000000     123.000000     8.100000     2.300000     1.000000     5.100000     
1.000000     107.000000     8.400000     1.800000     1.500000     0.800000     
1.000000     109.000000     10.000000     1.300000     1.800000     4.300000     
1.000000     120.000000     6.800000     1.900000     1.300000     1.900000     
1.000000     100.000000     9.500000     2.500000     1.300000     -0.200000     
1.000000     118.000000     8.100000     1.900000     1.500000     13.700000     
1.000000     100.143006     11.300000     2.500000     0.700000     -0.300000     
1.000000     103.000000     12.200000     1.200000     1.300000     2.700000     
1.000000     115.000000     8.100000     1.700000     0.600000     2.935643     
1.000000     119.000000     8.000000     2.000000     0.600000     2.920909     
1.000000     106.000000     9.400000     1.700000     0.900000     3.100000     
1.000000     114.000000     10.900000     2.100000     0.300000     1.400000     
1.000000     93.000000     8.900000     1.500000     0.800000     2.700000     
1.000000     120.000000     10.400000     2.100000     1.100000     1.800000     
1.000000     104.813597     11.300000     1.800000     0.900000     1.000000     
1.000000     110.000000     8.700000     1.900000     1.600000     4.400000     
1.000000     103.000000     8.100000     1.400000     0.500000     3.800000     
1.000000     101.000000     7.100000     2.200000     0.800000     2.200000     
1.000000     115.000000     10.400000     1.800000     1.600000     2.000000     
1.000000     116.000000     10.000000     1.700000     1.500000     4.300000     
1.000000     117.000000     9.200000     1.900000     1.500000     6.800000     
1.000000     106.000000     6.700000     1.500000     1.200000     3.900000     
1.000000     118.000000     10.500000     2.100000     0.700000     3.500000     
1.000000     97.000000     7.800000     1.300000     1.200000     0.900000     
1.000000     113.000000     11.100000     1.741873     0.800000     2.300000     
1.000000     104.000000     6.300000     2.000000     1.350374     4.000000     
1.000000     96.000000     9.400000     1.500000     1.000000     3.100000     
1.000000     120.000000     12.400000     2.400000     0.800000     1.900000     
1.000000     133.000000     9.700000     2.900000     0.800000     1.900000     
1.000000     126.000000     9.400000     2.300000     1.000000     4.000000     
1.000000     113.000000     8.500000     1.800000     0.800000     0.500000     
1.000000     109.000000     9.700000     1.400000     1.100000     2.100000     
1.000000     119.000000     12.900000     1.500000     1.300000     3.600000     
1.000000     101.000000     7.100000     1.600000     1.500000     1.600000     
1.000000     108.000000     10.400000     2.100000     1.300000     2.400000     
1.000000     117.000000     6.700000     2.200000     1.800000     6.700000     
1.000000     115.000000     15.300000     2.300000     2.000000     2.000000     
1.000000     91.000000     8.000000     1.700000     2.100000     4.600000     
1.000000     103.000000     8.500000     1.800000     1.900000     1.100000     
1.000000     98.000000     9.100000     1.400000     1.900000     -0.300000     
1.000000     111.000000     7.800000     2.000000     1.800000     4.100000     
1.000000     107.000000     13.000000     1.500000     2.800000     1.700000     
1.000000     119.000000     11.400000     2.300000     2.200000     1.600000     
1.000000     122.000000     11.800000     2.700000     1.700000     2.300000     
1.000000     105.000000     8.100000     2.000000     1.900000     -0.500000     
1.000000     109.000000     7.600000     1.300000     2.200000     1.900000     
1.000000     110.823527     9.500000     1.800000     1.600000     3.600000     
1.000000     112.000000     5.900000     1.700000     2.000000     1.300000     
1.000000     112.000000     9.500000     2.000000     1.200000     0.700000     
1.000000     98.000000     8.600000     1.600000     1.600000     6.000000     
1.000000     109.000000     12.400000     2.300000     1.700000     0.800000     
1.000000     114.000000     9.100000     2.600000     1.500000     1.500000     
1.000000     114.000000     11.100000     2.400000     2.000000     -0.300000     
1.000000     110.000000     8.400000     1.400000     1.000000     1.900000     
1.000000     120.000000     7.100000     1.200000     1.500000     4.300000     
1.000000     108.000000     10.900000     1.720403     1.324135     2.937104     
1.000000     108.000000     8.700000     1.200000     1.328171     2.500000     
1.000000     116.000000     11.900000     1.800000     1.900000     1.500000     
1.000000     113.000000     11.500000     1.500000     1.900000     2.900000     
1.000000     105.000000     7.000000     1.500000     2.700000     4.300000     
1.000000     114.000000     9.579086     1.600000     1.600000     -0.200000     
1.000000     114.000000     8.100000     1.600000     1.600000     0.500000     
1.000000     105.000000     11.100000     1.100000     0.800000     1.200000     
1.000000     107.000000     13.800000     1.500000     1.000000     1.900000     
1.000000     116.000000     11.500000     1.800000     1.400000     5.400000     
1.000000     102.000000     9.500000     1.400000     1.100000     1.600000     
1.000000     116.000000     16.100000     0.900000     1.300000     1.500000     
1.000000     118.000000     10.600000     1.800000     1.400000     3.000000     
1.000000     109.000000     8.900000     1.700000     1.000000     0.900000     
1.000000     110.000000     7.000000     1.000000     1.600000     4.300000     
1.000000     104.000000     9.600000     1.100000     1.249888     0.800000     
1.000000     105.000000     8.700000     1.500000     1.100000     1.500000     
1.000000     102.000000     8.500000     1.200000     1.300000     1.400000     
1.000000     112.000000     6.800000     1.700000     1.400000     3.300000     
1.000000     111.000000     8.500000     1.600000     1.100000     3.900000     
1.000000     111.000000     8.500000     1.600000     1.200000     7.700000     
1.000000     103.000000     7.300000     1.000000     1.291831     0.500000     
1.000000     98.000000     10.400000     1.600000     2.300000     -0.700000     
1.000000     117.000000     7.800000     2.000000     1.000000     3.900000     
1.000000     111.000000     9.100000     1.700000     1.200000     4.100000     
1.000000     101.000000     6.300000     1.500000     0.900000     2.900000     
1.000000     106.000000     8.900000     0.700000     1.000000     2.300000     
1.000000     102.000000     8.400000     1.500000     0.800000     2.400000     
1.000000     115.000000     10.600000     0.800000     2.100000     4.600000     
1.000000     130.000000     10.000000     1.600000     1.428449     4.600000     
1.000000     110.993894     6.700000     1.300000     1.000000     5.700000     
1.000000     110.000000     6.300000     1.000000     0.800000     2.997510     
1.000000     103.000000     9.500000     2.900000     1.400000     -0.100000     
1.000000     113.000000     7.800000     1.718136     1.100000     3.000000     
1.000000     112.000000     10.600000     1.600000     0.900000     -0.100000     
1.000000     118.000000     6.500000     1.200000     1.200000     1.700000     
1.000000     109.000000     9.200000     1.800000     1.100000     4.400000     
1.000000     116.000000     7.800000     1.400000     1.100000     3.700000     
1.000000     127.000000     7.700000     1.800000     1.900000     6.400000     
1.000000     108.000000     6.500000     1.000000     0.900000     1.500000     
1.000000     108.000000     7.100000     1.300000     1.600000     2.200000     
1.000000     105.000000     5.700000     1.000000     0.900000     0.900000     
1.000000     98.000000     5.700000     0.400000     1.300000     2.800000     
1.000000     110.484124     6.500000     1.200000     1.200000     2.000000     
1.000000     118.000000     12.200000     1.789755     1.000000     2.300000     
1.000000     94.000000     7.500000     1.200000     1.300000     4.400000     
1.000000     110.819916     10.400000     1.700000     1.200000     3.500000     
1.000000     114.000000     7.500000     1.100000     1.600000     4.400000     
1.000000     111.000000     11.900000     2.300000     0.900000     3.800000     
1.000000     104.000000     6.100000     1.800000     0.500000     0.800000     
1.000000     102.000000     6.600000     1.200000     1.400000     1.300000     
2.000000     139.000000     16.400000     2.634961     1.100000     -0.200000     
2.000000     111.000000     16.000000     2.100000     0.900000     -0.100000     
2.000000     113.000000     17.200000     1.800000     1.000000     0.000000     
2.000000     65.000000     25.300000     5.800000     1.300000     0.200000     
2.000000     88.000000     24.100000     5.500000     0.800000     0.100000     
2.000000     65.000000     18.200000     10.000000     1.300000     0.100000     
2.000000     134.000000     16.400000     4.800000     0.600000     0.100000     
2.000000     110.000000     20.300000     3.700000     0.600000     0.200000     
2.000000     67.000000     23.300000     7.400000     1.800000     -0.600000     
2.000000     95.000000     11.100000     2.700000     1.600000     -0.300000     
2.000000     89.000000     14.300000     4.100000     0.500000     0.200000     
2.000000     89.000000     23.800000     5.400000     0.500000     0.100000     
2.000000     88.000000     12.900000     2.700000     1.062458     0.200000     
2.000000     105.000000     17.400000     1.600000     0.300000     0.400000     
2.000000     99.276328     20.100000     7.300000     1.100000     -0.200000     
2.000000     99.000000     13.000000     3.600000     0.700000     -0.100000     
2.000000     80.000000     23.000000     10.000000     0.900000     -0.100000     
2.000000     89.000000     21.800000     7.100000     0.700000     -0.100000     
2.000000     99.000000     13.000000     2.653117     0.500000     -0.100000     
2.000000     68.000000     14.700000     7.800000     0.600000     -0.200000     
2.000000     97.000000     14.200000     3.600000     1.500000     0.300000     
2.000000     84.000000     21.500000     2.700000     1.100000     -0.600000     
2.000000     84.000000     18.500000     4.400000     1.100000     -0.300000     
2.000000     98.000000     16.700000     4.300000     1.700000     0.200000     
2.000000     94.000000     20.500000     1.800000     1.400000     -0.500000     
2.000000     99.000000     17.500000     1.900000     1.061971     0.300000     
2.000000     76.000000     14.644977     4.500000     1.200000     -0.100000     
2.000000     110.000000     15.200000     1.900000     0.700000     0.499852     
2.000000     144.000000     14.317928     3.300000     1.300000     0.600000     
2.000000     105.000000     12.000000     3.300000     1.100000     0.000000     
2.000000     88.000000     16.500000     4.900000     0.800000     0.100000     
2.000000     97.000000     15.100000     1.800000     1.200000     0.322049     
2.000000     106.000000     13.400000     3.000000     1.100000     0.000000     
2.000000     79.000000     19.000000     5.500000     0.900000     0.300000     
2.000000     92.000000     14.701539     2.702708     0.700000     -0.200000     
3.000000     125.000000     3.435132     0.900000     16.500000     9.500000     
3.000000     120.000000     6.800000     2.100000     10.400000     38.600000     
3.000000     108.000000     3.500000     0.600000     1.700000     1.400000     
3.000000     120.000000     3.000000     2.500000     1.200000     4.500000     
3.000000     119.000000     3.800000     1.100000     23.000000     5.700000     
3.000000     141.000000     5.600000     1.800000     9.200000     14.400000     
3.000000     129.000000     1.500000     0.600000     12.500000     9.385460     
3.000000     118.000000     3.600000     0.951012     11.600000     48.800000     
3.000000     120.000000     1.900000     0.700000     18.500000     24.000000     
3.000000     119.000000     0.800000     0.700000     56.400000     21.600000     
3.000000     123.000000     5.600000     1.100000     13.700000     56.300000     
3.000000     115.000000     6.300000     1.200000     4.700000     14.400000     
3.000000     126.000000     0.500000     0.200000     12.200000     8.800000     
3.000000     121.000000     4.700000     1.800000     11.200000     53.000000     
3.000000     131.000000     2.700000     0.800000     9.900000     4.700000     
3.000000     134.000000     3.461250     0.500000     12.200000     2.200000     
3.000000     141.000000     2.500000     1.300000     8.500000     7.500000     
3.000000     113.000000     5.100000     0.700000     5.800000     19.600000     
3.000000     136.000000     1.400000     0.300000     32.600000     8.400000     
3.000000     120.000000     3.400000     1.800000     7.500000     21.500000     
3.000000     125.000000     3.700000     1.100000     8.500000     25.900000     
3.000000     123.000000     1.900000     0.300000     22.800000     22.200000     
3.000000     112.000000     2.600000     0.700000     41.000000     19.000000     
3.000000     134.000000     1.900000     0.600000     18.400000     8.200000     
3.000000     119.000000     5.100000     1.100000     7.000000     40.800000     
3.000000     118.000000     6.500000     1.300000     1.700000     11.500000     
3.000000     139.000000     4.200000     0.700000     4.300000     6.300000     
3.000000     103.000000     5.100000     1.400000     1.200000     5.000000     
3.000000     97.000000     4.700000     1.100000     2.100000     12.600000     
3.000000     102.000000     5.300000     1.400000     1.300000     6.700000     
