1 60.896349104508815 0.721545156159536 0.088372093023256 0.913757099992955 
2 60.896349104494135 0.721545156159536 0.088372093023256 0.913757099992955 
3 60.870260005003615 0.775686006844556 0.069767441860465 0.930714266598871 
4 60.896349104498647 0.721545156159536 0.088372093023256 0.913757099992955 
5 60.870260003422516 0.775686006844556 0.069767441860465 0.930714266598871 
6 60.870260003443462 0.775686006844556 0.069767441860465 0.930714266598871 
7 60.896349104514321 0.721545156159536 0.088372093023256 0.913757099992955 
8 60.870260003431845 0.775686006844556 0.069767441860465 0.930714266598871 
9 60.896349104524113 0.721545156159536 0.088372093023256 0.913757099992955 
10 60.896349104547198 0.721545156159536 0.088372093023256 0.913757099992955 
11 60.870260003408418 0.775686006844556 0.069767441860465 0.930714266598871 
12 60.896349104522812 0.721545156159536 0.088372093023256 0.913757099992955 
13 60.870260005016135 0.775686006844556 0.069767441860465 0.930714266598871 
14 60.870260005026815 0.775686006844556 0.069767441860465 0.930714266598871 
15 60.896349104479974 0.721545156159536 0.088372093023256 0.913757099992955 
16 60.896349104491691 0.721545156159536 0.088372093023256 0.913757099992955 
17 60.870260003420384 0.775686006844556 0.069767441860465 0.930714266598871 
18 60.896349104491989 0.721545156159536 0.088372093023256 0.913757099992955 
19 60.896349104507287 0.721545156159536 0.088372093023256 0.913757099992955 
20 60.896349104499578 0.721545156159536 0.088372093023256 0.913757099992955 
21 60.896349104561928 0.721545156159536 0.088372093023256 0.913757099992955 
22 60.896349104536732 0.721545156159536 0.088372093023256 0.913757099992955 
23 60.870260003368706 0.775686006844556 0.069767441860465 0.930714266598871 
24 60.896349104488642 0.721545156159536 0.088372093023256 0.913757099992955 
25 60.896349104549508 0.721545156159536 0.088372093023256 0.913757099992955 
26 60.870260003430992 0.775686006844556 0.069767441860465 0.930714266598871 
27 60.896349104504182 0.721545156159536 0.088372093023256 0.913757099992955 
28 60.870260003379748 0.775686006844556 0.069767441860465 0.930714266598871 
29 60.896349104495222 0.721545156159536 0.088372093023256 0.913757099992955 
30 62.400094064492428 0.708335677144260 0.093023255813954 0.908957757526675 
31 60.870260003434602 0.775686006844556 0.069767441860465 0.930714266598871 
32 60.870260005022473 0.775686006844556 0.069767441860465 0.930714266598871 
33 60.896349104561914 0.721545156159536 0.088372093023256 0.913757099992955 
34 60.896349104535012 0.721545156159536 0.088372093023256 0.913757099992955 
35 60.896349104491293 0.721545156159536 0.088372093023256 0.913757099992955 
36 60.896349104562816 0.721545156159536 0.088372093023256 0.913757099992955 
37 60.896349104511167 0.721545156159536 0.088372093023256 0.913757099992955 
38 60.870260005043583 0.775686006844556 0.069767441860465 0.930714266598871 
39 60.870260003406813 0.775686006844556 0.069767441860465 0.930714266598871 
40 60.896349104544882 0.721545156159536 0.088372093023256 0.913757099992955 
41 60.896349104501759 0.721545156159536 0.088372093023256 0.913757099992955 
42 60.896349104526408 0.721545156159536 0.088372093023256 0.913757099992955 
43 60.896349104542367 0.721545156159536 0.088372093023256 0.913757099992955 
44 63.002741513855895 0.670352627237758 0.106976744186047 0.897162185785678 
45 60.896349104518862 0.721545156159536 0.088372093023256 0.913757099992955 
46 60.896349104527204 0.721545156159536 0.088372093023256 0.913757099992955 
47 60.896349104544150 0.721545156159536 0.088372093023256 0.913757099992955 
48 62.400094064522868 0.708335677144260 0.093023255813954 0.908957757526675 
49 60.896349104511359 0.721545156159536 0.088372093023256 0.913757099992955 
50 60.896349104538047 0.721545156159536 0.088372093023256 0.913757099992955 
51 60.896349104555469 0.721545156159536 0.088372093023256 0.913757099992955 
52 60.870260005023269 0.775686006844556 0.069767441860465 0.930714266598871 
53 60.870260005016824 0.775686006844556 0.069767441860465 0.930714266598871 
54 60.896349104502214 0.721545156159536 0.088372093023256 0.913757099992955 
55 60.896349104516098 0.721545156159536 0.088372093023256 0.913757099992955 
56 60.896349104562425 0.721545156159536 0.088372093023256 0.913757099992955 
57 60.870260003404333 0.775686006844556 0.069767441860465 0.930714266598871 
58 60.896349104568770 0.721545156159536 0.088372093023256 0.913757099992955 
59 60.870260005044457 0.775686006844556 0.069767441860465 0.930714266598871 
60 60.870260003371556 0.775686006844556 0.069767441860465 0.930714266598871 
61 60.896349104522336 0.721545156159536 0.088372093023256 0.913757099992955 
62 60.896349104494043 0.721545156159536 0.088372093023256 0.913757099992955 
63 60.870260003445395 0.775686006844556 0.069767441860465 0.930714266598871 
64 60.870260003420611 0.775686006844556 0.069767441860465 0.930714266598871 
65 60.896349104559107 0.721545156159536 0.088372093023256 0.913757099992955 
66 60.870260005069980 0.775686006844556 0.069767441860465 0.930714266598871 
67 60.896349104501780 0.721545156159536 0.088372093023256 0.913757099992955 
68 60.896349104523715 0.721545156159536 0.088372093023256 0.913757099992955 
69 62.994987067402100 0.734802209168439 0.083720930232558 0.917958334780310 
70 60.896349104562532 0.721545156159536 0.088372093023256 0.913757099992955 
71 60.896349104544498 0.721545156159536 0.088372093023256 0.913757099992955 
72 60.870260005061496 0.775686006844556 0.069767441860465 0.930714266598871 
73 60.896349104555632 0.721545156159536 0.088372093023256 0.913757099992955 
74 60.896349104478070 0.721545156159536 0.088372093023256 0.913757099992955 
75 60.870260005080929 0.775686006844556 0.069767441860465 0.930714266598871 
76 62.377230376549342 0.734833208393747 0.083720930232558 0.917418875779895 
77 60.870260003374995 0.775686006844556 0.069767441860465 0.930714266598871 
78 60.896349104564266 0.721545156159536 0.088372093023256 0.913757099992955 
79 63.002741513902059 0.670352627237758 0.106976744186047 0.897162185785678 
80 60.896349104516865 0.721545156159536 0.088372093023256 0.913757099992955 
81 60.896349104518471 0.721545156159536 0.088372093023256 0.913757099992955 
82 60.870260005044294 0.775686006844556 0.069767441860465 0.930714266598871 
83 63.002741513852477 0.670352627237758 0.106976744186047 0.897162185785678 
84 60.896349104479931 0.721545156159536 0.088372093023256 0.913757099992955 
85 63.002741513895678 0.670352627237758 0.106976744186047 0.897162185785678 
86 60.896349104526450 0.721545156159536 0.088372093023256 0.913757099992955 
87 63.002741513854268 0.670352627237758 0.106976744186047 0.897162185785678 
88 60.896349104496366 0.721545156159536 0.088372093023256 0.913757099992955 
89 60.870260005036009 0.775686006844556 0.069767441860465 0.930714266598871 
90 60.896349104549536 0.721545156159536 0.088372093023256 0.913757099992955 
91 60.896349104566191 0.721545156159536 0.088372093023256 0.913757099992955 
92 60.896349104535624 0.721545156159536 0.088372093023256 0.913757099992955 
93 60.870260005006244 0.775686006844556 0.069767441860465 0.930714266598871 
94 60.870260003419354 0.775686006844556 0.069767441860465 0.930714266598871 
95 60.896349104517149 0.721545156159536 0.088372093023256 0.913757099992955 
96 60.870260003450809 0.775686006844556 0.069767441860465 0.930714266598871 
97 63.002741513881794 0.670352627237758 0.106976744186047 0.897162185785678 
98 60.870260005002933 0.775686006844556 0.069767441860465 0.930714266598871 
99 60.896349104498569 0.721545156159536 0.088372093023256 0.913757099992955 
100 60.870260005021720 0.775686006844556 0.069767441860465 0.930714266598871 
