1 67.580581489958959 0.252957802290792 0.213953488372093 0.702092861457479 
2 66.030916473556900 0.291772320762920 0.200000000000000 0.726410540364029 
3 66.030916473586203 0.291772320762920 0.200000000000000 0.726410540364029 
4 66.030916473572077 0.291772320762920 0.200000000000000 0.726410540364029 
5 66.030916473566478 0.291772320762920 0.200000000000000 0.726410540364029 
6 66.030916473561746 0.291772320762920 0.200000000000000 0.726410540364029 
7 66.030916473583645 0.291772320762920 0.200000000000000 0.726410540364029 
8 66.030916473543186 0.291772320762920 0.200000000000000 0.726410540364029 
9 66.030916473544835 0.291772320762920 0.200000000000000 0.726410540364029 
10 66.030916473575090 0.291772320762920 0.200000000000000 0.726410540364029 
11 66.030916473584043 0.291772320762920 0.200000000000000 0.726410540364029 
12 66.030916473541353 0.291772320762920 0.200000000000000 0.726410540364029 
13 66.030916473573285 0.291772320762920 0.200000000000000 0.726410540364029 
14 66.030916473563238 0.291772320762920 0.200000000000000 0.726410540364029 
15 66.030916473555578 0.291772320762920 0.200000000000000 0.726410540364029 
16 66.030916473565640 0.291772320762920 0.200000000000000 0.726410540364029 
17 66.030916473586132 0.291772320762920 0.200000000000000 0.726410540364029 
18 66.030916473575502 0.291772320762920 0.200000000000000 0.726410540364029 
19 66.030916473577307 0.291772320762920 0.200000000000000 0.726410540364029 
20 66.030916473582764 0.291772320762920 0.200000000000000 0.726410540364029 
21 66.030916473569690 0.291772320762920 0.200000000000000 0.726410540364029 
22 66.030916473553660 0.291772320762920 0.200000000000000 0.726410540364029 
23 67.580581489996860 0.252957802290792 0.213953488372093 0.702092861457479 
24 66.030916473585037 0.291772320762920 0.200000000000000 0.726410540364029 
25 66.030916473555791 0.291772320762920 0.200000000000000 0.726410540364029 
26 66.030916473540898 0.291772320762920 0.200000000000000 0.726410540364029 
27 66.030916473538710 0.291772320762920 0.200000000000000 0.726410540364029 
28 66.030916473568752 0.291772320762920 0.200000000000000 0.726410540364029 
29 66.030916473605885 0.291772320762920 0.200000000000000 0.726410540364029 
30 66.030916473577662 0.291772320762920 0.200000000000000 0.726410540364029 
31 66.030916473562471 0.291772320762920 0.200000000000000 0.726410540364029 
32 66.030916473584213 0.291772320762920 0.200000000000000 0.726410540364029 
33 66.030916473553418 0.291772320762920 0.200000000000000 0.726410540364029 
34 66.030916473553035 0.291772320762920 0.200000000000000 0.726410540364029 
35 66.030916473570443 0.291772320762920 0.200000000000000 0.726410540364029 
36 66.030916473582309 0.291772320762920 0.200000000000000 0.726410540364029 
37 66.030916473573228 0.291772320762920 0.200000000000000 0.726410540364029 
38 67.580581489982194 0.252957802290792 0.213953488372093 0.702092861457479 
39 66.030916473549340 0.291772320762920 0.200000000000000 0.726410540364029 
40 67.580581489999673 0.252957802290792 0.213953488372093 0.702092861457479 
41 67.580581489962086 0.252957802290792 0.213953488372093 0.702092861457479 
42 66.030916473574720 0.291772320762920 0.200000000000000 0.726410540364029 
43 66.030916473562314 0.291772320762920 0.200000000000000 0.726410540364029 
44 66.030916473573285 0.291772320762920 0.200000000000000 0.726410540364029 
45 66.030916473579410 0.291772320762920 0.200000000000000 0.726410540364029 
46 66.030916473594985 0.291772320762920 0.200000000000000 0.726410540364029 
47 66.030916473569576 0.291772320762920 0.200000000000000 0.726410540364029 
48 66.030916473589627 0.291772320762920 0.200000000000000 0.726410540364029 
49 66.030916473545687 0.291772320762920 0.200000000000000 0.726410540364029 
50 66.030916473551770 0.291772320762920 0.200000000000000 0.726410540364029 
51 66.030916473571054 0.291772320762920 0.200000000000000 0.726410540364029 
52 66.030916473560126 0.291772320762920 0.200000000000000 0.726410540364029 
53 66.030916473581740 0.291772320762920 0.200000000000000 0.726410540364029 
54 66.030916473558406 0.291772320762920 0.200000000000000 0.726410540364029 
55 66.030916473556019 0.291772320762920 0.200000000000000 0.726410540364029 
56 66.030916473574891 0.291772320762920 0.200000000000000 0.726410540364029 
57 66.030916473538838 0.291772320762920 0.200000000000000 0.726410540364029 
58 66.030916473560993 0.291772320762920 0.200000000000000 0.726410540364029 
59 66.030916473551130 0.291772320762920 0.200000000000000 0.726410540364029 
60 66.030916473577676 0.291772320762920 0.200000000000000 0.726410540364029 
61 66.030916473550022 0.291772320762920 0.200000000000000 0.726410540364029 
62 66.030916473565043 0.291772320762920 0.200000000000000 0.726410540364029 
63 66.030916473582977 0.291772320762920 0.200000000000000 0.726410540364029 
64 66.030916473571438 0.291772320762920 0.200000000000000 0.726410540364029 
65 66.030916473562499 0.291772320762920 0.200000000000000 0.726410540364029 
66 66.030916473564702 0.291772320762920 0.200000000000000 0.726410540364029 
67 66.030916473589343 0.291772320762920 0.200000000000000 0.726410540364029 
68 66.030916473564972 0.291772320762920 0.200000000000000 0.726410540364029 
69 66.030916473579239 0.291772320762920 0.200000000000000 0.726410540364029 
70 66.030916473566634 0.291772320762920 0.200000000000000 0.726410540364029 
71 66.030916473572873 0.291772320762920 0.200000000000000 0.726410540364029 
72 66.030916473572432 0.291772320762920 0.200000000000000 0.726410540364029 
73 66.030916473558918 0.291772320762920 0.200000000000000 0.726410540364029 
74 66.030916473543726 0.291772320762920 0.200000000000000 0.726410540364029 
75 66.030916473584796 0.291772320762920 0.200000000000000 0.726410540364029 
76 66.030916473537886 0.291772320762920 0.200000000000000 0.726410540364029 
77 66.030916473566108 0.291772320762920 0.200000000000000 0.726410540364029 
78 66.030916473552452 0.291772320762920 0.200000000000000 0.726410540364029 
79 66.030916473568695 0.291772320762920 0.200000000000000 0.726410540364029 
80 66.030916473543030 0.291772320762920 0.200000000000000 0.726410540364029 
81 66.030916473582536 0.291772320762920 0.200000000000000 0.726410540364029 
82 66.030916473553091 0.291772320762920 0.200000000000000 0.726410540364029 
83 66.030916473593564 0.291772320762920 0.200000000000000 0.726410540364029 
84 66.030916473560808 0.291772320762920 0.200000000000000 0.726410540364029 
85 66.030916473546768 0.291772320762920 0.200000000000000 0.726410540364029 
86 66.030916473545986 0.291772320762920 0.200000000000000 0.726410540364029 
87 66.030916473591049 0.291772320762920 0.200000000000000 0.726410540364029 
88 66.030916473551230 0.291772320762920 0.200000000000000 0.726410540364029 
89 66.030916473562328 0.291772320762920 0.200000000000000 0.726410540364029 
90 66.030916473541581 0.291772320762920 0.200000000000000 0.726410540364029 
91 66.030916473553972 0.291772320762920 0.200000000000000 0.726410540364029 
92 67.580581489970626 0.252957802290792 0.213953488372093 0.702092861457479 
93 66.030916473575545 0.291772320762920 0.200000000000000 0.726410540364029 
94 66.030916473558364 0.291772320762920 0.200000000000000 0.726410540364029 
95 67.580581490012278 0.252957802290792 0.213953488372093 0.702092861457479 
96 66.030916473567316 0.291772320762920 0.200000000000000 0.726410540364029 
97 66.030916473540799 0.291772320762920 0.200000000000000 0.726410540364029 
98 66.030916473568425 0.291772320762920 0.200000000000000 0.726410540364029 
99 66.030916473539264 0.291772320762920 0.200000000000000 0.726410540364029 
100 66.030916473578131 0.291772320762920 0.200000000000000 0.726410540364029 
