1 69.280771858159142 0.335829568857252 0.190697674418605 0.753129743646703 
2 69.280771858234033 0.335829568857252 0.190697674418605 0.753129743646703 
3 69.280771858180444 0.335829568857252 0.190697674418605 0.753129743646703 
4 69.280771858225890 0.335829568857252 0.190697674418605 0.753129743646703 
5 69.280771858196857 0.335829568857252 0.190697674418605 0.753129743646703 
6 69.280771858181723 0.335829568857252 0.190697674418605 0.753129743646703 
7 69.280771858241536 0.335829568857252 0.190697674418605 0.753129743646703 
8 72.522755982083467 0.323385159024067 0.190697674418605 0.744864787625478 
9 69.280771858202954 0.335829568857252 0.190697674418605 0.753129743646703 
10 69.280771858190988 0.335829568857252 0.190697674418605 0.753129743646703 
11 69.280771858215189 0.335829568857252 0.190697674418605 0.753129743646703 
12 69.280771858175115 0.335829568857252 0.190697674418605 0.753129743646703 
13 69.280771858150061 0.335829568857252 0.190697674418605 0.753129743646703 
14 69.280771858206307 0.335829568857252 0.190697674418605 0.753129743646703 
15 69.280771858234544 0.335829568857252 0.190697674418605 0.753129743646703 
16 69.280771858177602 0.335829568857252 0.190697674418605 0.753129743646703 
17 69.280771858138763 0.335829568857252 0.190697674418605 0.753129743646703 
18 69.280771858196616 0.335829568857252 0.190697674418605 0.753129743646703 
19 69.280771858184607 0.335829568857252 0.190697674418605 0.753129743646703 
20 69.280771858223446 0.335829568857252 0.190697674418605 0.753129743646703 
21 72.522755982101756 0.323385159024067 0.190697674418605 0.744864787625478 
22 69.280771858176934 0.335829568857252 0.190697674418605 0.753129743646703 
23 69.280771858163774 0.335829568857252 0.190697674418605 0.753129743646703 
24 69.280771858195976 0.335829568857252 0.190697674418605 0.753129743646703 
25 69.280771858170638 0.335829568857252 0.190697674418605 0.753129743646703 
26 69.280771858165508 0.335829568857252 0.190697674418605 0.753129743646703 
27 69.280771858208340 0.335829568857252 0.190697674418605 0.753129743646703 
28 69.280771858226913 0.335829568857252 0.190697674418605 0.753129743646703 
29 69.280771858195706 0.335829568857252 0.190697674418605 0.753129743646703 
30 69.280771858199955 0.335829568857252 0.190697674418605 0.753129743646703 
31 69.280771858235383 0.335829568857252 0.190697674418605 0.753129743646703 
32 69.280771858219381 0.335829568857252 0.190697674418605 0.753129743646703 
33 69.280771858188260 0.335829568857252 0.190697674418605 0.753129743646703 
34 69.280771858184067 0.335829568857252 0.190697674418605 0.753129743646703 
35 69.280771858215147 0.335829568857252 0.190697674418605 0.753129743646703 
36 69.280771858209619 0.335829568857252 0.190697674418605 0.753129743646703 
37 69.280771858230210 0.335829568857252 0.190697674418605 0.753129743646703 
38 69.280771858169956 0.335829568857252 0.190697674418605 0.753129743646703 
39 69.280771858172358 0.335829568857252 0.190697674418605 0.753129743646703 
40 81.492072976905661 0.234108770596145 0.190697674418605 0.714232407901849 
41 69.280771858170340 0.335829568857252 0.190697674418605 0.753129743646703 
42 69.280771858195166 0.335829568857252 0.190697674418605 0.753129743646703 
43 69.280771858226942 0.335829568857252 0.190697674418605 0.753129743646703 
44 69.280771858153244 0.335829568857252 0.190697674418605 0.753129743646703 
45 69.280771858191073 0.335829568857252 0.190697674418605 0.753129743646703 
46 69.280771858192921 0.335829568857252 0.190697674418605 0.753129743646703 
47 70.937630730675551 0.317411511071056 0.190697674418605 0.740709225115044 
48 69.280771858159397 0.335829568857252 0.190697674418605 0.753129743646703 
49 69.280771858164940 0.335829568857252 0.190697674418605 0.753129743646703 
50 69.280771858211438 0.335829568857252 0.190697674418605 0.753129743646703 
51 69.280771858210841 0.335829568857252 0.190697674418605 0.753129743646703 
52 72.522755982079133 0.323385159024067 0.190697674418605 0.744864787625478 
53 69.280771858218813 0.335829568857252 0.190697674418605 0.753129743646703 
54 69.280771858187464 0.335829568857252 0.190697674418605 0.753129743646703 
55 69.280771858211324 0.335829568857252 0.190697674418605 0.753129743646703 
56 69.280771858196829 0.335829568857252 0.190697674418605 0.753129743646703 
57 69.280771858162524 0.335829568857252 0.190697674418605 0.753129743646703 
58 69.280771858182305 0.335829568857252 0.190697674418605 0.753129743646703 
59 69.280771858170780 0.335829568857252 0.190697674418605 0.753129743646703 
60 69.280771858154466 0.335829568857252 0.190697674418605 0.753129743646703 
61 70.937630730639938 0.317411511071056 0.190697674418605 0.740709225115044 
62 69.280771858205739 0.335829568857252 0.190697674418605 0.753129743646703 
63 69.280771858181311 0.335829568857252 0.190697674418605 0.753129743646703 
64 72.522755982111320 0.323385159024067 0.190697674418605 0.744864787625478 
65 69.280771858209107 0.335829568857252 0.190697674418605 0.753129743646703 
66 69.280771858206037 0.335829568857252 0.190697674418605 0.753129743646703 
67 69.280771858173580 0.335829568857252 0.190697674418605 0.753129743646703 
68 69.280771858200822 0.335829568857252 0.190697674418605 0.753129743646703 
69 69.280771858182206 0.335829568857252 0.190697674418605 0.753129743646703 
70 70.937630730659748 0.317411511071056 0.190697674418605 0.740709225115044 
71 70.937630730676062 0.317411511071056 0.190697674418605 0.740709225115044 
72 69.280771858186768 0.335829568857252 0.190697674418605 0.753129743646703 
73 69.280771858179250 0.335829568857252 0.190697674418605 0.753129743646703 
74 70.937630730617272 0.317411511071056 0.190697674418605 0.740709225115044 
75 69.280771858152079 0.335829568857252 0.190697674418605 0.753129743646703 
76 69.280771858191770 0.335829568857252 0.190697674418605 0.753129743646703 
77 69.280771858158204 0.335829568857252 0.190697674418605 0.753129743646703 
78 70.937630730680624 0.317411511071056 0.190697674418605 0.740709225115044 
79 69.280771858168606 0.335829568857252 0.190697674418605 0.753129743646703 
80 69.280771858214351 0.335829568857252 0.190697674418605 0.753129743646703 
81 69.280771858175257 0.335829568857252 0.190697674418605 0.753129743646703 
82 69.280771858156683 0.335829568857252 0.190697674418605 0.753129743646703 
83 69.280771858153059 0.335829568857252 0.190697674418605 0.753129743646703 
84 72.522755982095291 0.323385159024067 0.190697674418605 0.744864787625478 
85 69.280771858172415 0.335829568857252 0.190697674418605 0.753129743646703 
86 69.280771858186341 0.335829568857252 0.190697674418605 0.753129743646703 
87 69.280771858158516 0.335829568857252 0.190697674418605 0.753129743646703 
88 69.280771858218614 0.335829568857252 0.190697674418605 0.753129743646703 
89 70.937630730648593 0.317411511071056 0.190697674418605 0.740709225115044 
90 69.280771858197554 0.335829568857252 0.190697674418605 0.753129743646703 
91 69.280771858186540 0.335829568857252 0.190697674418605 0.753129743646703 
92 69.280771858184309 0.335829568857252 0.190697674418605 0.753129743646703 
93 69.280771858167114 0.335829568857252 0.190697674418605 0.753129743646703 
94 69.280771858187634 0.335829568857252 0.190697674418605 0.753129743646703 
95 69.280771858194313 0.335829568857252 0.190697674418605 0.753129743646703 
96 69.280771858239561 0.335829568857252 0.190697674418605 0.753129743646703 
97 69.280771858204957 0.335829568857252 0.190697674418605 0.753129743646703 
98 69.280771858169459 0.335829568857252 0.190697674418605 0.753129743646703 
99 69.280771858216539 0.335829568857252 0.190697674418605 0.753129743646703 
100 69.280771858188430 0.335829568857252 0.190697674418605 0.753129743646703 
