1 61.979888018085589 0.213322473959693 0.223255813953488 0.674811537677911 
2 61.979888018094066 0.213322473959693 0.223255813953488 0.674811537677911 
3 61.979888018096730 0.213322473959693 0.223255813953488 0.674811537677911 
4 61.979888018083699 0.213322473959693 0.223255813953488 0.674811537677911 
5 64.187476846843197 0.191187971492855 0.227906976744186 0.656840383295134 
6 61.979888018110657 0.213322473959693 0.223255813953488 0.674811537677911 
7 61.979888018127426 0.213322473959693 0.223255813953488 0.674811537677911 
8 61.979888018064564 0.213322473959693 0.223255813953488 0.674811537677911 
9 61.979888018089213 0.213322473959693 0.223255813953488 0.674811537677911 
10 61.979888018099167 0.213322473959693 0.223255813953488 0.674811537677911 
11 61.979888018075073 0.213322473959693 0.223255813953488 0.674811537677911 
12 61.979888018082413 0.213322473959693 0.223255813953488 0.674811537677911 
13 61.979888018123908 0.213322473959693 0.223255813953488 0.674811537677911 
14 61.979888018081375 0.213322473959693 0.223255813953488 0.674811537677911 
15 61.979888018128520 0.213322473959693 0.223255813953488 0.674811537677911 
16 61.979888018091010 0.213322473959693 0.223255813953488 0.674811537677911 
17 61.979888018092126 0.213322473959693 0.223255813953488 0.674811537677911 
18 61.979888018114004 0.213322473959693 0.223255813953488 0.674811537677911 
19 61.979888018118025 0.213322473959693 0.223255813953488 0.674811537677911 
20 61.979888018076501 0.213322473959693 0.223255813953488 0.674811537677911 
21 61.979888018068721 0.213322473959693 0.223255813953488 0.674811537677911 
22 61.979888018115609 0.213322473959693 0.223255813953488 0.674811537677911 
23 61.979888018127326 0.213322473959693 0.223255813953488 0.674811537677911 
24 61.979888018063853 0.213322473959693 0.223255813953488 0.674811537677911 
25 61.979888018066262 0.213322473959693 0.223255813953488 0.674811537677911 
26 61.979888018128605 0.213322473959693 0.223255813953488 0.674811537677911 
27 61.979888018125017 0.213322473959693 0.223255813953488 0.674811537677911 
28 61.979888018103466 0.213322473959693 0.223255813953488 0.674811537677911 
29 61.979888018125294 0.213322473959693 0.223255813953488 0.674811537677911 
30 61.979888018074703 0.213322473959693 0.223255813953488 0.674811537677911 
31 61.979888018068010 0.213322473959693 0.223255813953488 0.674811537677911 
32 61.979888018075421 0.213322473959693 0.223255813953488 0.674811537677911 
33 61.979888018119134 0.213322473959693 0.223255813953488 0.674811537677911 
34 61.979888018107317 0.213322473959693 0.223255813953488 0.674811537677911 
35 61.979888018126800 0.213322473959693 0.223255813953488 0.674811537677911 
36 61.979888018092481 0.213322473959693 0.223255813953488 0.674811537677911 
37 61.979888018102933 0.213322473959693 0.223255813953488 0.674811537677911 
38 61.979888018073481 0.213322473959693 0.223255813953488 0.674811537677911 
39 61.979888018109470 0.213322473959693 0.223255813953488 0.674811537677911 
40 61.979888018085070 0.213322473959693 0.223255813953488 0.674811537677911 
41 61.979888018088033 0.213322473959693 0.223255813953488 0.674811537677911 
42 61.979888018062759 0.213322473959693 0.223255813953488 0.674811537677911 
43 61.979888018082924 0.213322473959693 0.223255813953488 0.674811537677911 
44 61.979888018082114 0.213322473959693 0.223255813953488 0.674811537677911 
45 61.979888018086733 0.213322473959693 0.223255813953488 0.674811537677911 
46 61.979888018067903 0.213322473959693 0.223255813953488 0.674811537677911 
47 61.979888018081603 0.213322473959693 0.223255813953488 0.674811537677911 
48 61.979888018066738 0.213322473959693 0.223255813953488 0.674811537677911 
49 61.979888018080715 0.213322473959693 0.223255813953488 0.674811537677911 
50 61.979888018100333 0.213322473959693 0.223255813953488 0.674811537677911 
51 61.979888018070731 0.213322473959693 0.223255813953488 0.674811537677911 
52 61.979888018089078 0.213322473959693 0.223255813953488 0.674811537677911 
53 61.979888018123781 0.213322473959693 0.223255813953488 0.674811537677911 
54 61.979888018122004 0.213322473959693 0.223255813953488 0.674811537677911 
55 61.979888018098656 0.213322473959693 0.223255813953488 0.674811537677911 
56 61.979888018109342 0.213322473959693 0.223255813953488 0.674811537677911 
57 61.979888018071321 0.213322473959693 0.223255813953488 0.674811537677911 
58 61.979888018107843 0.213322473959693 0.223255813953488 0.674811537677911 
59 61.979888018083436 0.213322473959693 0.223255813953488 0.674811537677911 
60 61.979888018086847 0.213322473959693 0.223255813953488 0.674811537677911 
61 61.979888018073012 0.213322473959693 0.223255813953488 0.674811537677911 
62 61.979888018073453 0.213322473959693 0.223255813953488 0.674811537677911 
63 61.979888018068202 0.213322473959693 0.223255813953488 0.674811537677911 
64 61.979888018123766 0.213322473959693 0.223255813953488 0.674811537677911 
65 61.979888018140542 0.213322473959693 0.223255813953488 0.674811537677911 
66 61.979888018071193 0.213322473959693 0.223255813953488 0.674811537677911 
67 61.979888018088907 0.213322473959693 0.223255813953488 0.674811537677911 
68 61.979888018095870 0.213322473959693 0.223255813953488 0.674811537677911 
69 61.979888018062823 0.213322473959693 0.223255813953488 0.674811537677911 
70 61.979888018071613 0.213322473959693 0.223255813953488 0.674811537677911 
71 61.979888018104724 0.213322473959693 0.223255813953488 0.674811537677911 
72 61.979888018125955 0.213322473959693 0.223255813953488 0.674811537677911 
73 61.979888018094719 0.213322473959693 0.223255813953488 0.674811537677911 
74 61.979888018118316 0.213322473959693 0.223255813953488 0.674811537677911 
75 61.979888018094734 0.213322473959693 0.223255813953488 0.674811537677911 
76 61.979888018098279 0.213322473959693 0.223255813953488 0.674811537677911 
77 61.979888018118750 0.213322473959693 0.223255813953488 0.674811537677911 
78 61.979888018086690 0.213322473959693 0.223255813953488 0.674811537677911 
79 61.979888018102947 0.213322473959693 0.223255813953488 0.674811537677911 
80 61.979888018090463 0.213322473959693 0.223255813953488 0.674811537677911 
81 61.979888018125052 0.213322473959693 0.223255813953488 0.674811537677911 
82 61.979888018114870 0.213322473959693 0.223255813953488 0.674811537677911 
83 61.979888018132129 0.213322473959693 0.223255813953488 0.674811537677911 
84 61.979888018104965 0.213322473959693 0.223255813953488 0.674811537677911 
85 61.979888018071073 0.213322473959693 0.223255813953488 0.674811537677911 
86 61.979888018111538 0.213322473959693 0.223255813953488 0.674811537677911 
87 61.979888018073872 0.213322473959693 0.223255813953488 0.674811537677911 
88 61.979888018104411 0.213322473959693 0.223255813953488 0.674811537677911 
89 61.979888018065104 0.213322473959693 0.223255813953488 0.674811537677911 
90 61.979888018081517 0.213322473959693 0.223255813953488 0.674811537677911 
91 61.979888018111872 0.213322473959693 0.223255813953488 0.674811537677911 
92 61.979888018071939 0.213322473959693 0.223255813953488 0.674811537677911 
93 61.979888018108049 0.213322473959693 0.223255813953488 0.674811537677911 
94 61.979888018124740 0.213322473959693 0.223255813953488 0.674811537677911 
95 61.979888018101072 0.213322473959693 0.223255813953488 0.674811537677911 
96 61.979888018083585 0.213322473959693 0.223255813953488 0.674811537677911 
97 61.979888018071989 0.213322473959693 0.223255813953488 0.674811537677911 
98 61.979888018087280 0.213322473959693 0.223255813953488 0.674811537677911 
99 61.979888018086832 0.213322473959693 0.223255813953488 0.674811537677911 
100 61.979888018068621 0.213322473959693 0.223255813953488 0.674811537677911 
