1 67.901635525021760 0.478182707219499 0.186046511627907 0.825361808172728 
2 67.901635525071754 0.478182707219499 0.186046511627907 0.825361808172728 
3 67.901635525010747 0.478182707219499 0.186046511627907 0.825361808172728 
4 67.901635525022598 0.478182707219499 0.186046511627907 0.825361808172728 
5 67.901635525055383 0.478182707219499 0.186046511627907 0.825361808172728 
6 67.901635525037932 0.478182707219499 0.186046511627907 0.825361808172728 
7 67.901635525022328 0.478182707219499 0.186046511627907 0.825361808172728 
8 67.901635525076159 0.478182707219499 0.186046511627907 0.825361808172728 
9 67.901635525013816 0.478182707219499 0.186046511627907 0.825361808172728 
10 67.901635525059476 0.478182707219499 0.186046511627907 0.825361808172728 
11 67.901635525052242 0.478182707219499 0.186046511627907 0.825361808172728 
12 71.679932104718688 0.433707098148924 0.186046511627907 0.805722617723819 
13 67.901635525021192 0.478182707219499 0.186046511627907 0.825361808172728 
14 67.901635525055681 0.478182707219499 0.186046511627907 0.825361808172728 
15 67.901635525029022 0.478182707219499 0.186046511627907 0.825361808172728 
16 67.901635525017127 0.478182707219499 0.186046511627907 0.825361808172728 
17 67.901635525048135 0.478182707219499 0.186046511627907 0.825361808172728 
18 67.901635525077793 0.478182707219499 0.186046511627907 0.825361808172728 
19 67.901635525023465 0.478182707219499 0.186046511627907 0.825361808172728 
20 67.901635525019998 0.478182707219499 0.186046511627907 0.825361808172728 
21 67.901635525008885 0.478182707219499 0.186046511627907 0.825361808172728 
22 67.901635525075122 0.478182707219499 0.186046511627907 0.825361808172728 
23 67.901635525046558 0.478182707219499 0.186046511627907 0.825361808172728 
24 67.901635525031978 0.478182707219499 0.186046511627907 0.825361808172728 
25 67.901635525040248 0.478182707219499 0.186046511627907 0.825361808172728 
26 67.901635525074042 0.478182707219499 0.186046511627907 0.825361808172728 
27 67.901635525000557 0.478182707219499 0.186046511627907 0.825361808172728 
28 67.901635525042309 0.478182707219499 0.186046511627907 0.825361808172728 
29 67.901635525038657 0.478182707219499 0.186046511627907 0.825361808172728 
30 67.901635525057898 0.478182707219499 0.186046511627907 0.825361808172728 
31 67.901635525019046 0.478182707219499 0.186046511627907 0.825361808172728 
32 67.901635525011699 0.478182707219499 0.186046511627907 0.825361808172728 
33 67.901635525019969 0.478182707219499 0.186046511627907 0.825361808172728 
34 67.901635525004380 0.478182707219499 0.186046511627907 0.825361808172728 
35 67.901635525057003 0.478182707219499 0.186046511627907 0.825361808172728 
36 67.901635525025327 0.478182707219499 0.186046511627907 0.825361808172728 
37 67.901635525047922 0.478182707219499 0.186046511627907 0.825361808172728 
38 69.981048542376286 0.421601368107093 0.190697674418605 0.800764670805710 
39 67.901635525053536 0.478182707219499 0.186046511627907 0.825361808172728 
40 67.901635525038657 0.478182707219499 0.186046511627907 0.825361808172728 
41 67.901635525057358 0.478182707219499 0.186046511627907 0.825361808172728 
42 67.901635525021334 0.478182707219499 0.186046511627907 0.825361808172728 
43 67.901635525005517 0.478182707219499 0.186046511627907 0.825361808172728 
44 67.901635525007876 0.478182707219499 0.186046511627907 0.825361808172728 
45 67.901635525039822 0.478182707219499 0.186046511627907 0.825361808172728 
46 67.901635525044824 0.478182707219499 0.186046511627907 0.825361808172728 
47 67.901635525004963 0.478182707219499 0.186046511627907 0.825361808172728 
48 67.901635525037761 0.478182707219499 0.186046511627907 0.825361808172728 
49 67.901635525066510 0.478182707219499 0.186046511627907 0.825361808172728 
50 69.981048542417383 0.421601368107093 0.190697674418605 0.800764670805710 
51 67.901635525049144 0.478182707219499 0.186046511627907 0.825361808172728 
52 67.901635525045307 0.478182707219499 0.186046511627907 0.825361808172728 
53 69.981048542386702 0.421601368107093 0.190697674418605 0.800764670805710 
54 71.679932104698253 0.433707098148924 0.186046511627907 0.805722617723819 
55 67.901635525056520 0.478182707219499 0.186046511627907 0.825361808172728 
56 67.901635525071299 0.478182707219499 0.186046511627907 0.825361808172728 
57 67.901635525003627 0.478182707219499 0.186046511627907 0.825361808172728 
58 67.901635525001964 0.478182707219499 0.186046511627907 0.825361808172728 
59 67.901635525072905 0.478182707219499 0.186046511627907 0.825361808172728 
60 67.901635525021248 0.478182707219499 0.186046511627907 0.825361808172728 
61 67.901635525074454 0.478182707219499 0.186046511627907 0.825361808172728 
62 67.901635525038174 0.478182707219499 0.186046511627907 0.825361808172728 
63 67.901635525005716 0.478182707219499 0.186046511627907 0.825361808172728 
64 80.208200389201451 0.223317751929146 0.190697674418605 0.698178075592344 
65 67.901635525037619 0.478182707219499 0.186046511627907 0.825361808172728 
66 67.901635525075406 0.478182707219499 0.186046511627907 0.825361808172728 
67 69.981048542396167 0.421601368107093 0.190697674418605 0.800764670805710 
68 67.901635525003257 0.478182707219499 0.186046511627907 0.825361808172728 
69 67.901635525076216 0.478182707219499 0.186046511627907 0.825361808172728 
70 69.981048542426635 0.421601368107093 0.190697674418605 0.800764670805710 
71 67.901635525061593 0.478182707219499 0.186046511627907 0.825361808172728 
72 67.901635525057372 0.478182707219499 0.186046511627907 0.825361808172728 
73 67.901635525000856 0.478182707219499 0.186046511627907 0.825361808172728 
74 67.901635525075648 0.478182707219499 0.186046511627907 0.825361808172728 
75 67.901635525036482 0.478182707219499 0.186046511627907 0.825361808172728 
76 67.901635525059845 0.478182707219499 0.186046511627907 0.825361808172728 
77 67.901635525022513 0.478182707219499 0.186046511627907 0.825361808172728 
78 67.901635525034351 0.478182707219499 0.186046511627907 0.825361808172728 
79 67.901635525006554 0.478182707219499 0.186046511627907 0.825361808172728 
80 67.901635525073104 0.478182707219499 0.186046511627907 0.825361808172728 
81 67.901635525055966 0.478182707219499 0.186046511627907 0.825361808172728 
82 67.901635525016360 0.478182707219499 0.186046511627907 0.825361808172728 
83 67.901635525025796 0.478182707219499 0.186046511627907 0.825361808172728 
84 67.901635525070333 0.478182707219499 0.186046511627907 0.825361808172728 
85 67.901635525065217 0.478182707219499 0.186046511627907 0.825361808172728 
86 67.901635525021732 0.478182707219499 0.186046511627907 0.825361808172728 
87 69.981048542412637 0.421601368107093 0.190697674418605 0.800764670805710 
88 67.901635525010576 0.478182707219499 0.186046511627907 0.825361808172728 
89 67.901635525020296 0.478182707219499 0.186046511627907 0.825361808172728 
90 67.901635525023437 0.478182707219499 0.186046511627907 0.825361808172728 
91 67.901635525056406 0.478182707219499 0.186046511627907 0.825361808172728 
92 67.901635525012509 0.478182707219499 0.186046511627907 0.825361808172728 
93 67.901635525073630 0.478182707219499 0.186046511627907 0.825361808172728 
94 67.901635525023622 0.478182707219499 0.186046511627907 0.825361808172728 
95 67.901635525070077 0.478182707219499 0.186046511627907 0.825361808172728 
96 67.901635525020424 0.478182707219499 0.186046511627907 0.825361808172728 
97 67.901635525030429 0.478182707219499 0.186046511627907 0.825361808172728 
98 67.901635525036383 0.478182707219499 0.186046511627907 0.825361808172728 
99 67.901635525041598 0.478182707219499 0.186046511627907 0.825361808172728 
100 67.901635525021504 0.478182707219499 0.186046511627907 0.825361808172728 
