1.000000     5.100000     3.500000     1.400000     0.200000     
1.000000     4.900000     3.000000     1.474810     0.200000     
1.000000     4.700000     3.200000     1.300000     0.200000     
1.000000     5.009523     3.100000     1.500000     0.200000     
1.000000     5.000000     3.600000     1.400000     0.200000     
1.000000     5.400000     3.900000     1.700000     0.400000     
1.000000     5.009411     3.400000     1.400000     0.300000     
1.000000     5.000000     3.400000     1.500000     0.200000     
1.000000     4.400000     2.900000     1.400000     0.200000     
1.000000     4.900000     3.100000     1.500000     0.100000     
1.000000     5.400000     3.700000     1.500000     0.242855     
1.000000     5.009390     3.400000     1.473607     0.200000     
1.000000     4.800000     3.000000     1.400000     0.100000     
1.000000     4.300000     3.000000     1.100000     0.254188     
1.000000     5.800000     4.000000     1.200000     0.200000     
1.000000     5.700000     4.400000     1.500000     0.400000     
1.000000     5.400000     3.368228     1.300000     0.242499     
1.000000     5.100000     3.368551     1.400000     0.300000     
1.000000     5.009576     3.368481     1.700000     0.241833     
1.000000     5.100000     3.800000     1.500000     0.300000     
1.000000     5.009623     3.400000     1.700000     0.200000     
1.000000     5.100000     3.700000     1.500000     0.400000     
1.000000     4.600000     3.600000     1.000000     0.200000     
1.000000     5.100000     3.364729     1.700000     0.500000     
1.000000     4.800000     3.400000     1.900000     0.200000     
1.000000     5.000000     3.000000     1.600000     0.200000     
1.000000     5.000000     3.400000     1.600000     0.400000     
1.000000     5.200000     3.368547     1.500000     0.200000     
1.000000     5.200000     3.368548     1.473718     0.200000     
1.000000     4.700000     3.200000     1.600000     0.242106     
1.000000     4.800000     3.100000     1.600000     0.200000     
1.000000     5.400000     3.400000     1.500000     0.242100     
1.000000     5.200000     4.100000     1.485015     0.100000     
1.000000     5.500000     4.200000     1.400000     0.200000     
1.000000     4.900000     3.100000     1.476243     0.100000     
1.000000     5.000000     3.200000     1.473690     0.200000     
1.000000     5.500000     3.500000     1.300000     0.243473     
1.000000     4.900000     3.100000     1.500000     0.100000     
1.000000     4.400000     3.367551     1.300000     0.200000     
1.000000     5.100000     3.368563     1.473620     0.200000     
1.000000     5.000000     3.500000     1.300000     0.300000     
1.000000     4.500000     2.300000     1.300000     0.300000     
1.000000     4.400000     3.200000     1.300000     0.200000     
1.000000     5.000000     3.500000     1.526929     0.600000     
1.000000     5.100000     3.800000     1.900000     0.400000     
1.000000     5.009900     3.000000     1.400000     0.300000     
1.000000     5.100000     3.800000     1.600000     0.200000     
1.000000     4.600000     3.200000     1.400000     0.200000     
1.000000     5.300000     3.700000     1.500000     0.242287     
1.000000     5.000000     3.300000     1.400000     0.241612     
2.000000     7.000000     3.200000     4.700000     1.400000     
2.000000     6.400000     3.200000     4.500000     1.500000     
2.000000     6.900000     3.100000     5.400086     1.500000     
2.000000     5.500000     2.300000     4.000000     1.300000     
2.000000     6.500000     2.798396     4.600000     1.500000     
2.000000     5.700000     2.800000     4.500000     1.300000     
2.000000     6.300000     3.300000     4.700000     1.600000     
2.000000     4.900000     2.400000     3.300000     1.000000     
2.000000     6.600000     2.900000     4.600000     1.300000     
2.000000     5.200000     2.700000     3.900000     1.400000     
2.000000     5.000000     2.000000     3.500000     1.000000     
2.000000     5.900000     3.000000     4.386344     1.500000     
2.000000     6.000000     2.200000     4.000000     1.377255     
2.000000     6.100000     2.900000     4.700000     1.400000     
2.000000     5.600000     2.900000     4.376659     1.364563     
2.000000     5.857677     3.100000     4.400000     1.400000     
2.000000     5.600000     3.000000     4.381431     1.367428     
2.000000     5.857349     2.770048     4.388413     1.000000     
2.000000     6.200000     2.200000     4.500000     1.389953     
2.000000     5.850292     2.500000     3.900000     1.366731     
2.000000     6.599629     3.200000     4.800000     1.800000     
2.000000     6.100000     2.800000     4.000000     1.300000     
2.000000     6.300000     2.798598     4.900000     1.500000     
2.000000     6.100000     2.800000     4.700000     1.367421     
2.000000     5.846057     2.900000     4.300000     1.300000     
2.000000     5.845586     2.765779     4.400000     1.400000     
2.000000     5.849267     2.800000     4.800000     1.400000     
2.000000     6.700000     3.000000     5.000000     1.700000     
2.000000     6.000000     2.900000     4.500000     1.500000     
2.000000     5.700000     2.600000     3.500000     1.000000     
2.000000     5.500000     2.400000     3.800000     1.100000     
2.000000     5.864389     2.400000     3.700000     1.000000     
2.000000     5.800000     2.700000     4.375620     1.200000     
2.000000     6.000000     2.700000     5.100000     1.600000     
2.000000     5.400000     2.769184     4.500000     1.500000     
2.000000     6.000000     3.400000     4.500000     1.600000     
2.000000     6.700000     3.100000     4.700000     2.003862     
2.000000     6.300000     2.300000     4.400000     1.300000     
2.000000     5.849474     3.000000     4.100000     1.300000     
2.000000     5.500000     2.767048     4.000000     1.300000     
2.000000     5.500000     2.600000     4.380164     1.200000     
2.000000     5.852441     3.000000     4.600000     1.400000     
2.000000     5.800000     2.600000     4.000000     1.200000     
2.000000     5.000000     2.300000     3.300000     1.000000     
2.000000     5.845641     2.700000     4.374690     1.300000     
2.000000     5.700000     3.000000     4.382312     1.200000     
2.000000     5.700000     2.900000     4.375447     1.363833     
2.000000     6.200000     2.900000     4.300000     1.300000     
2.000000     5.100000     2.824791     3.000000     1.100000     
2.000000     5.700000     2.800000     4.100000     1.300000     
3.000000     6.300000     3.011412     6.000000     2.500000     
3.000000     5.800000     2.700000     5.100000     1.900000     
3.000000     7.100000     3.000000     5.900000     2.100000     
3.000000     6.704025     2.900000     5.513121     1.800000     
3.000000     6.500000     3.016538     5.800000     2.200000     
3.000000     7.600000     3.000000     6.600000     2.100000     
3.000000     4.900000     2.500000     4.500000     1.700000     
3.000000     7.300000     2.900000     6.300000     1.800000     
3.000000     6.700000     3.016199     5.518710     1.800000     
3.000000     7.200000     3.012505     6.100000     2.500000     
3.000000     6.500000     3.015519     5.100000     2.000000     
3.000000     6.400000     2.700000     5.422628     1.900000     
3.000000     6.800000     3.000000     5.500000     2.100000     
3.000000     6.454567     2.500000     5.000000     2.000000     
3.000000     5.800000     2.800000     5.100000     2.400000     
3.000000     6.400000     3.200000     5.508784     2.300000     
3.000000     6.708038     3.000000     5.500000     1.800000     
3.000000     7.700000     3.800000     6.700000     2.200000     
3.000000     6.667483     3.006427     6.900000     2.300000     
3.000000     5.914290     2.200000     5.000000     1.500000     
3.000000     6.900000     3.200000     5.700000     2.300000     
3.000000     5.600000     2.800000     5.173733     2.000000     
3.000000     7.700000     2.800000     5.462780     2.000000     
3.000000     6.278661     2.700000     4.900000     1.800000     
3.000000     6.700000     3.300000     5.700000     2.100000     
3.000000     7.200000     3.200000     6.000000     1.800000     
3.000000     6.200000     2.800000     4.800000     1.800000     
3.000000     6.100000     3.000000     4.900000     1.800000     
3.000000     6.400000     2.800000     5.600000     2.100000     
3.000000     7.200000     3.000000     5.800000     1.600000     
3.000000     7.400000     3.013930     5.506928     1.900000     
3.000000     7.900000     3.004224     6.400000     1.994036     
3.000000     6.400000     2.800000     5.600000     2.200000     
3.000000     6.300000     2.838331     5.100000     1.500000     
3.000000     6.100000     2.600000     5.600000     1.400000     
3.000000     7.700000     3.000000     5.490542     2.300000     
3.000000     6.300000     3.400000     5.600000     1.992259     
3.000000     6.706867     3.100000     5.500000     1.800000     
3.000000     6.000000     3.000000     5.385448     1.800000     
3.000000     6.900000     3.100000     5.400000     2.100000     
3.000000     6.700000     3.015827     5.516369     2.400000     
3.000000     6.900000     3.100000     5.518973     2.300000     
3.000000     5.800000     2.700000     5.100000     1.900000     
3.000000     6.800000     3.016184     5.900000     2.300000     
3.000000     6.687016     3.300000     5.700000     2.500000     
3.000000     6.700000     3.000000     5.200000     2.300000     
3.000000     6.300000     2.500000     5.000000     1.900000     
3.000000     6.709999     3.000000     5.200000     2.000000     
3.000000     6.200000     3.400000     5.442268     2.300000     
3.000000     5.900000     3.000000     5.100000     1.800000     
