1.000000     5.100000     3.500000     1.400000     0.200000     
1.000000     4.900000     3.000000     1.400000     0.200000     
1.000000     4.700000     3.200000     1.300000     0.200000     
1.000000     4.600000     3.100000     1.500000     0.200000     
1.000000     5.000000     3.600000     1.400000     0.200000     
1.000000     5.400000     3.900000     1.700000     0.400000     
1.000000     4.600000     3.400000     1.400000     0.300000     
1.000000     5.000000     3.400000     1.500000     0.200000     
1.000000     4.400000     2.900000     1.400000     0.200000     
1.000000     4.900000     3.100000     1.500000     0.100000     
1.000000     5.400000     3.700000     1.500000     0.242041     
1.000000     4.997056     3.400000     1.600000     0.200000     
1.000000     4.800000     3.000000     1.400000     0.100000     
1.000000     4.300000     3.000000     1.100000     0.100000     
1.000000     5.800000     4.000000     1.200000     0.200000     
1.000000     5.700000     4.400000     1.500000     0.400000     
1.000000     5.400000     3.900000     1.300000     0.400000     
1.000000     5.100000     3.500000     1.400000     0.300000     
1.000000     5.700000     3.800000     1.700000     0.250397     
1.000000     5.100000     3.800000     1.500000     0.300000     
1.000000     4.997283     3.400000     1.700000     0.200000     
1.000000     5.100000     3.700000     1.500000     0.400000     
1.000000     4.600000     3.600000     1.000000     0.200000     
1.000000     5.100000     3.383066     1.700000     0.500000     
1.000000     4.800000     3.400000     1.900000     0.200000     
1.000000     5.000000     3.000000     1.600000     0.200000     
1.000000     5.000000     3.400000     1.600000     0.400000     
1.000000     5.200000     3.387250     1.500000     0.200000     
1.000000     5.200000     3.387252     1.469826     0.200000     
1.000000     4.700000     3.200000     1.600000     0.200000     
1.000000     4.800000     3.100000     1.600000     0.200000     
1.000000     5.400000     3.400000     1.500000     0.241413     
1.000000     5.200000     4.100000     1.500000     0.100000     
1.000000     5.500000     4.200000     1.400000     0.200000     
1.000000     4.900000     3.100000     1.500000     0.100000     
1.000000     5.000000     3.200000     1.200000     0.200000     
1.000000     5.500000     3.500000     1.300000     0.242644     
1.000000     4.900000     3.100000     1.500000     0.100000     
1.000000     4.400000     3.000000     1.300000     0.200000     
1.000000     5.100000     3.387267     1.500000     0.200000     
1.000000     5.000000     3.500000     1.300000     0.300000     
1.000000     4.500000     2.300000     1.300000     0.300000     
1.000000     4.400000     3.200000     1.300000     0.200000     
1.000000     5.000000     3.500000     1.524475     0.600000     
1.000000     5.100000     3.800000     1.900000     0.400000     
1.000000     4.800000     3.000000     1.400000     0.300000     
1.000000     5.100000     3.800000     1.600000     0.200000     
1.000000     4.600000     3.200000     1.400000     0.200000     
1.000000     5.300000     3.700000     1.500000     0.241537     
1.000000     5.000000     3.300000     1.400000     0.240952     
2.000000     7.000000     3.200000     4.700000     1.400000     
2.000000     6.400000     3.200000     4.500000     1.500000     
2.000000     6.900000     3.100000     4.900000     1.500000     
2.000000     5.500000     2.300000     4.000000     1.300000     
2.000000     6.500000     2.800000     4.600000     1.500000     
2.000000     5.700000     2.800000     4.500000     1.300000     
2.000000     6.300000     3.300000     4.700000     1.600000     
2.000000     4.900000     2.400000     3.300000     1.000000     
2.000000     6.600000     2.900000     4.600000     1.300000     
2.000000     5.200000     2.700000     3.900000     1.400000     
2.000000     5.000000     2.000000     3.500000     1.000000     
2.000000     5.900000     3.000000     4.362897     1.500000     
2.000000     6.000000     2.200000     4.000000     1.000000     
2.000000     6.100000     2.900000     4.700000     1.400000     
2.000000     5.600000     2.900000     3.600000     1.361045     
2.000000     6.700000     3.100000     4.400000     1.400000     
2.000000     5.600000     3.000000     4.500000     1.358899     
2.000000     5.871308     2.700000     4.360415     1.000000     
2.000000     6.200000     2.200000     4.500000     1.386402     
2.000000     5.866663     2.500000     3.900000     1.356626     
2.000000     6.600050     3.200000     4.800000     1.800000     
2.000000     6.100000     2.800000     4.000000     1.300000     
2.000000     6.300000     2.798470     4.900000     1.500000     
2.000000     6.100000     2.800000     4.700000     1.356720     
2.000000     5.862416     2.900000     4.300000     1.300000     
2.000000     6.600000     2.782068     4.400000     1.400000     
2.000000     6.800000     2.800000     4.800000     1.400000     
2.000000     6.700000     3.000000     5.000000     1.700000     
2.000000     6.000000     2.900000     4.500000     1.500000     
2.000000     5.700000     2.600000     3.500000     1.000000     
2.000000     5.500000     2.400000     3.800000     1.100000     
2.000000     5.880247     2.400000     3.700000     1.000000     
2.000000     5.800000     2.700000     4.349792     1.200000     
2.000000     6.000000     2.700000     5.100000     1.600000     
2.000000     5.400000     3.000000     4.500000     1.500000     
2.000000     6.000000     3.400000     4.500000     1.600000     
2.000000     6.700000     3.100000     4.700000     2.000650     
2.000000     6.300000     2.300000     4.400000     1.300000     
2.000000     5.600000     3.000000     4.100000     1.300000     
2.000000     5.500000     2.765646     4.000000     1.300000     
2.000000     5.500000     2.600000     4.400000     1.200000     
2.000000     5.870631     3.000000     4.600000     1.400000     
2.000000     5.800000     2.600000     4.000000     1.200000     
2.000000     5.000000     2.300000     3.300000     1.000000     
2.000000     5.600000     2.700000     4.349763     1.300000     
2.000000     5.700000     3.000000     4.356583     1.200000     
2.000000     5.700000     2.900000     4.349903     1.353568     
2.000000     6.200000     2.900000     4.300000     1.300000     
2.000000     5.100000     2.818142     3.000000     1.100000     
2.000000     5.700000     2.800000     4.100000     1.300000     
3.000000     6.300000     3.300000     6.000000     2.500000     
3.000000     5.800000     2.700000     5.100000     1.900000     
3.000000     7.100000     3.000000     5.900000     2.100000     
3.000000     6.679997     2.900000     5.486240     1.800000     
3.000000     6.500000     3.000000     5.800000     2.200000     
3.000000     7.600000     3.000000     6.600000     2.100000     
3.000000     4.900000     2.500000     4.500000     1.700000     
3.000000     7.300000     2.900000     6.300000     1.800000     
3.000000     6.700000     3.034076     5.493549     1.800000     
3.000000     7.200000     3.600000     6.100000     2.500000     
3.000000     6.500000     3.200000     5.100000     2.000000     
3.000000     6.400000     2.700000     5.408148     1.900000     
3.000000     6.800000     3.000000     5.500000     2.100000     
3.000000     5.700000     2.500000     5.000000     2.000000     
3.000000     5.800000     2.800000     5.100000     2.400000     
3.000000     6.400000     3.200000     5.486546     2.300000     
3.000000     6.684855     3.000000     5.500000     1.800000     
3.000000     7.700000     3.800000     6.700000     2.200000     
3.000000     6.641997     3.022236     6.900000     2.300000     
3.000000     5.954137     2.200000     5.000000     1.500000     
3.000000     6.900000     3.200000     5.700000     2.300000     
3.000000     5.600000     2.800000     5.158510     2.000000     
3.000000     7.700000     2.800000     5.422111     2.000000     
3.000000     6.331290     2.700000     4.900000     1.800000     
3.000000     6.700000     3.300000     5.700000     2.100000     
3.000000     7.200000     3.200000     6.000000     1.800000     
3.000000     6.200000     2.800000     4.800000     1.800000     
3.000000     6.100000     3.000000     4.900000     1.800000     
3.000000     6.400000     2.800000     5.600000     2.100000     
3.000000     7.200000     3.000000     5.800000     1.600000     
3.000000     7.400000     2.800000     5.445885     1.900000     
3.000000     7.900000     3.017701     6.400000     1.978487     
3.000000     6.400000     2.800000     5.600000     2.200000     
3.000000     6.300000     2.800000     5.100000     1.500000     
3.000000     6.100000     2.600000     5.600000     1.400000     
3.000000     7.700000     3.000000     5.456510     2.300000     
3.000000     6.300000     3.400000     5.600000     2.002281     
3.000000     6.684649     3.100000     5.500000     1.800000     
3.000000     6.000000     3.000000     5.369150     1.800000     
3.000000     6.900000     3.100000     5.400000     2.100000     
3.000000     6.700000     3.100000     5.600000     2.400000     
3.000000     6.900000     3.100000     5.493550     2.300000     
3.000000     5.800000     2.700000     5.100000     1.900000     
3.000000     6.800000     3.033849     5.900000     2.300000     
3.000000     6.667583     3.300000     5.700000     2.500000     
3.000000     6.700000     3.000000     5.200000     2.300000     
3.000000     6.300000     2.500000     5.000000     1.900000     
3.000000     6.687103     3.000000     5.200000     2.000000     
3.000000     6.200000     3.400000     5.439198     2.300000     
3.000000     5.900000     3.000000     5.100000     1.800000     
