1.000000     5.100000     3.500000     1.400000     0.200000     
1.000000     4.900000     3.000000     1.400000     0.200000     
1.000000     4.700000     3.200000     1.300000     0.200000     
1.000000     4.600000     3.100000     1.500000     0.200000     
1.000000     5.000000     3.600000     1.400000     0.200000     
1.000000     5.400000     3.900000     1.700000     0.400000     
1.000000     4.600000     3.400000     1.400000     0.300000     
1.000000     5.000000     3.400000     1.500000     0.200000     
1.000000     4.400000     2.900000     1.400000     0.200000     
1.000000     4.900000     3.100000     1.500000     0.100000     
1.000000     5.400000     3.700000     1.500000     0.200000     
1.000000     4.800000     3.400000     1.600000     0.200000     
1.000000     4.800000     3.000000     1.400000     0.100000     
1.000000     4.300000     3.000000     1.100000     0.100000     
1.000000     5.800000     4.000000     1.200000     0.200000     
1.000000     5.700000     4.400000     1.500000     0.400000     
1.000000     5.400000     3.900000     1.300000     0.400000     
1.000000     5.100000     3.500000     1.400000     0.300000     
1.000000     5.700000     3.800000     1.700000     0.300000     
1.000000     5.100000     3.800000     1.500000     0.300000     
1.000000     4.991835     3.400000     1.700000     0.200000     
1.000000     5.100000     3.700000     1.500000     0.400000     
1.000000     4.600000     3.600000     1.000000     0.200000     
1.000000     5.100000     3.300000     1.700000     0.500000     
1.000000     4.800000     3.400000     1.900000     0.200000     
1.000000     5.000000     3.000000     1.600000     0.200000     
1.000000     5.000000     3.400000     1.600000     0.400000     
1.000000     5.200000     3.385287     1.500000     0.200000     
1.000000     5.200000     3.400000     1.470712     0.200000     
1.000000     4.700000     3.200000     1.600000     0.200000     
1.000000     4.800000     3.100000     1.600000     0.200000     
1.000000     5.400000     3.400000     1.500000     0.241999     
1.000000     5.200000     4.100000     1.500000     0.100000     
1.000000     5.500000     4.200000     1.400000     0.200000     
1.000000     4.900000     3.100000     1.500000     0.100000     
1.000000     5.000000     3.200000     1.200000     0.200000     
1.000000     5.500000     3.500000     1.300000     0.243240     
1.000000     4.900000     3.100000     1.500000     0.100000     
1.000000     4.400000     3.000000     1.300000     0.200000     
1.000000     5.100000     3.400000     1.500000     0.200000     
1.000000     5.000000     3.500000     1.300000     0.300000     
1.000000     4.500000     2.300000     1.300000     0.300000     
1.000000     4.400000     3.200000     1.300000     0.200000     
1.000000     5.000000     3.500000     1.519969     0.600000     
1.000000     5.100000     3.800000     1.900000     0.400000     
1.000000     4.800000     3.000000     1.400000     0.300000     
1.000000     5.100000     3.800000     1.600000     0.200000     
1.000000     4.600000     3.200000     1.400000     0.200000     
1.000000     5.300000     3.700000     1.500000     0.242136     
1.000000     5.000000     3.300000     1.400000     0.241510     
2.000000     7.000000     3.200000     4.700000     1.400000     
2.000000     6.400000     3.200000     4.500000     1.500000     
2.000000     6.900000     3.100000     4.900000     1.500000     
2.000000     5.500000     2.300000     4.000000     1.300000     
2.000000     6.500000     2.800000     4.600000     1.500000     
2.000000     5.700000     2.800000     4.500000     1.300000     
2.000000     6.300000     3.300000     4.700000     1.600000     
2.000000     4.900000     2.400000     3.300000     1.000000     
2.000000     6.600000     2.900000     4.600000     1.300000     
2.000000     5.200000     2.700000     3.900000     1.400000     
2.000000     5.000000     2.000000     3.500000     1.000000     
2.000000     5.900000     3.000000     4.200000     1.500000     
2.000000     6.000000     2.200000     4.000000     1.000000     
2.000000     6.100000     2.900000     4.700000     1.400000     
2.000000     5.600000     2.900000     3.600000     1.375188     
2.000000     6.700000     3.100000     4.400000     1.400000     
2.000000     5.600000     3.000000     4.500000     1.500000     
2.000000     5.800000     2.700000     4.100000     1.000000     
2.000000     6.200000     2.200000     4.500000     1.403266     
2.000000     5.903627     2.500000     3.900000     1.100000     
2.000000     5.900000     3.200000     4.800000     1.800000     
2.000000     6.100000     2.800000     4.000000     1.300000     
2.000000     6.300000     2.789480     4.900000     1.500000     
2.000000     6.100000     2.800000     4.700000     1.369566     
2.000000     6.400000     2.900000     4.300000     1.300000     
2.000000     6.600000     2.779256     4.400000     1.400000     
2.000000     6.800000     2.800000     4.800000     1.400000     
2.000000     6.700000     3.000000     5.000000     1.700000     
2.000000     6.000000     2.900000     4.500000     1.500000     
2.000000     5.700000     2.600000     3.500000     1.000000     
2.000000     5.500000     2.400000     3.800000     1.100000     
2.000000     5.911242     2.400000     3.700000     1.000000     
2.000000     5.800000     2.700000     4.364659     1.200000     
2.000000     6.000000     2.700000     5.100000     1.600000     
2.000000     5.400000     3.000000     4.500000     1.500000     
2.000000     6.000000     3.400000     4.500000     1.600000     
2.000000     6.700000     3.100000     4.700000     2.021024     
2.000000     6.300000     2.300000     4.400000     1.300000     
2.000000     5.600000     3.000000     4.100000     1.300000     
2.000000     5.500000     2.768876     4.000000     1.300000     
2.000000     5.500000     2.600000     4.400000     1.200000     
2.000000     5.901839     3.000000     4.600000     1.400000     
2.000000     5.800000     2.600000     4.000000     1.200000     
2.000000     5.000000     2.300000     3.300000     1.000000     
2.000000     5.600000     2.700000     4.364776     1.300000     
2.000000     5.700000     3.000000     4.200000     1.200000     
2.000000     5.700000     2.900000     4.364723     1.367856     
2.000000     6.200000     2.900000     4.300000     1.300000     
2.000000     5.100000     2.500000     3.000000     1.100000     
2.000000     5.700000     2.800000     4.100000     1.300000     
3.000000     6.300000     3.300000     6.000000     2.500000     
3.000000     5.800000     2.700000     5.100000     1.900000     
3.000000     7.100000     3.000000     5.900000     2.100000     
3.000000     6.300000     2.900000     5.461156     1.800000     
3.000000     6.500000     3.000000     5.800000     2.200000     
3.000000     7.600000     3.000000     6.600000     2.100000     
3.000000     4.900000     2.500000     4.500000     1.700000     
3.000000     7.300000     2.900000     6.300000     1.800000     
3.000000     6.700000     2.500000     5.224251     1.800000     
3.000000     7.200000     3.600000     6.100000     2.500000     
3.000000     6.500000     3.200000     5.100000     2.000000     
3.000000     6.400000     2.700000     5.300000     1.900000     
3.000000     6.800000     3.000000     5.500000     2.100000     
3.000000     5.700000     2.500000     5.000000     2.000000     
3.000000     5.800000     2.800000     5.100000     2.400000     
3.000000     6.400000     3.200000     5.300000     2.300000     
3.000000     6.500000     3.000000     5.500000     1.800000     
3.000000     7.700000     3.800000     6.700000     2.200000     
3.000000     7.700000     2.600000     6.900000     2.300000     
3.000000     6.000000     2.200000     5.000000     1.500000     
3.000000     6.900000     3.200000     5.700000     2.300000     
3.000000     5.600000     2.800000     4.900000     2.000000     
3.000000     7.700000     2.800000     5.444607     2.000000     
3.000000     6.246781     2.700000     4.900000     1.800000     
3.000000     6.700000     3.300000     5.700000     2.100000     
3.000000     7.200000     3.200000     6.000000     1.800000     
3.000000     6.200000     2.800000     4.800000     1.800000     
3.000000     6.100000     3.000000     4.900000     1.800000     
3.000000     6.400000     2.800000     5.600000     2.100000     
3.000000     7.200000     3.000000     5.800000     1.600000     
3.000000     7.400000     2.800000     6.100000     1.900000     
3.000000     7.900000     3.800000     6.400000     2.000000     
3.000000     6.400000     2.800000     5.600000     2.200000     
3.000000     6.300000     2.800000     5.100000     1.500000     
3.000000     6.100000     2.600000     5.600000     1.400000     
3.000000     7.700000     3.000000     6.100000     2.300000     
3.000000     6.300000     3.400000     5.600000     2.400000     
3.000000     6.400000     3.100000     5.500000     1.800000     
3.000000     6.000000     3.000000     4.800000     1.800000     
3.000000     6.900000     3.100000     5.400000     2.100000     
3.000000     6.700000     3.100000     5.600000     2.400000     
3.000000     6.900000     3.100000     5.519855     2.300000     
3.000000     5.800000     2.700000     5.100000     1.900000     
3.000000     6.800000     3.031169     5.900000     2.300000     
3.000000     6.700000     3.300000     5.700000     2.500000     
3.000000     6.700000     3.000000     5.200000     2.300000     
3.000000     6.300000     2.500000     5.000000     1.900000     
3.000000     6.680381     3.000000     5.200000     2.000000     
3.000000     6.200000     3.400000     5.473085     2.300000     
3.000000     5.900000     3.000000     5.100000     1.800000     
