1.000000     5.100000     3.500000     1.465965     0.200000     
1.000000     4.900000     3.000000     1.466572     0.200000     
1.000000     4.700000     3.200000     1.300000     0.200000     
1.000000     5.035289     3.100000     1.500000     0.200000     
1.000000     5.000000     3.600000     1.400000     0.200000     
1.000000     5.400000     3.900000     1.481360     0.400000     
1.000000     5.035265     3.400000     1.400000     0.300000     
1.000000     5.000000     3.400000     1.500000     0.200000     
1.000000     4.400000     2.900000     1.400000     0.200000     
1.000000     4.900000     3.100000     1.500000     0.100000     
1.000000     5.400000     3.700000     1.500000     0.238710     
1.000000     5.035230     3.400000     1.465904     0.200000     
1.000000     4.800000     3.000000     1.400000     0.100000     
1.000000     4.300000     3.000000     1.100000     0.248371     
1.000000     5.800000     4.000000     1.200000     0.200000     
1.000000     5.700000     4.400000     1.514584     0.400000     
1.000000     5.400000     3.332220     1.300000     0.238442     
1.000000     5.100000     3.332422     1.400000     0.300000     
1.000000     5.035508     3.332310     1.700000     0.238197     
1.000000     5.100000     3.800000     1.500000     0.300000     
1.000000     5.035572     3.400000     1.700000     0.200000     
1.000000     5.100000     3.700000     1.500000     0.400000     
1.000000     4.600000     3.600000     1.000000     0.200000     
1.000000     5.100000     3.332300     1.700000     0.238223     
1.000000     4.800000     3.400000     1.900000     0.200000     
1.000000     5.000000     3.000000     1.600000     0.200000     
1.000000     5.000000     3.400000     1.469108     0.400000     
1.000000     5.200000     3.332430     1.500000     0.200000     
1.000000     5.200000     3.332432     1.465953     0.200000     
1.000000     4.700000     3.200000     1.600000     0.238282     
1.000000     4.800000     3.100000     1.600000     0.200000     
1.000000     5.400000     3.400000     1.500000     0.238118     
1.000000     5.200000     4.100000     1.470516     0.239725     
1.000000     5.500000     4.200000     1.400000     0.200000     
1.000000     4.900000     3.100000     1.468517     0.100000     
1.000000     5.000000     3.200000     1.465933     0.200000     
1.000000     5.500000     3.500000     1.300000     0.239139     
1.000000     4.900000     3.100000     1.500000     0.100000     
1.000000     4.400000     3.331620     1.300000     0.200000     
1.000000     5.100000     3.332439     1.465904     0.200000     
1.000000     5.000000     3.500000     1.300000     0.300000     
1.000000     4.500000     2.300000     1.300000     0.300000     
1.000000     4.400000     3.200000     1.300000     0.200000     
1.000000     5.000000     3.500000     1.553102     0.600000     
1.000000     5.100000     3.800000     1.900000     0.400000     
1.000000     5.035545     3.000000     1.400000     0.300000     
1.000000     5.100000     3.800000     1.600000     0.200000     
1.000000     4.600000     3.200000     1.400000     0.200000     
1.000000     5.300000     3.700000     1.500000     0.238344     
1.000000     5.000000     3.300000     1.400000     0.237847     
2.000000     7.000000     3.200000     4.700000     1.400000     
2.000000     6.400000     3.200000     4.500000     1.500000     
2.000000     6.900000     3.100000     5.439777     1.500000     
2.000000     5.500000     2.300000     4.000000     1.300000     
2.000000     6.500000     2.776812     4.600000     1.500000     
2.000000     5.700000     2.800000     4.500000     1.300000     
2.000000     6.300000     3.300000     4.700000     1.600000     
2.000000     4.900000     2.400000     3.300000     1.000000     
2.000000     6.600000     2.900000     4.600000     1.300000     
2.000000     5.200000     2.700000     3.900000     1.400000     
2.000000     5.000000     2.000000     3.500000     1.000000     
2.000000     5.900000     3.000000     4.390034     1.500000     
2.000000     6.000000     2.200000     4.000000     1.379139     
2.000000     6.100000     2.900000     4.700000     1.400000     
2.000000     5.600000     2.900000     1.475181     0.241619     
2.000000     5.860986     3.100000     4.400000     1.400000     
2.000000     5.600000     3.000000     1.472771     0.240643     
2.000000     5.859272     2.752277     4.391623     1.000000     
2.000000     6.200000     2.200000     4.500000     1.392291     
2.000000     5.851094     2.500000     3.900000     1.368159     
2.000000     6.665840     3.200000     5.553016     1.800000     
2.000000     6.100000     2.800000     4.000000     1.300000     
2.000000     5.861992     2.752573     4.900000     1.500000     
2.000000     6.100000     2.800000     4.700000     1.369068     
2.000000     5.848101     2.900000     4.300000     1.300000     
2.000000     5.847446     2.747672     4.400000     1.400000     
2.000000     5.850600     2.800000     4.800000     1.400000     
2.000000     6.700000     3.000000     5.000000     1.700000     
2.000000     6.000000     2.900000     4.500000     1.500000     
2.000000     5.700000     2.600000     3.500000     1.000000     
2.000000     5.500000     2.400000     3.800000     1.100000     
2.000000     5.862135     2.755641     3.700000     1.000000     
2.000000     5.800000     2.700000     4.377080     1.200000     
2.000000     6.000000     2.700000     5.100000     1.600000     
2.000000     5.400000     2.751013     4.500000     1.500000     
2.000000     6.000000     2.751522     4.500000     1.600000     
2.000000     6.700000     3.100000     4.700000     1.995007     
2.000000     6.300000     2.300000     4.400000     1.300000     
2.000000     5.851652     3.000000     4.100000     1.300000     
2.000000     5.847963     2.747867     4.000000     1.365759     
2.000000     5.500000     2.600000     4.381729     1.200000     
2.000000     5.855222     3.000000     4.600000     1.400000     
2.000000     5.800000     2.600000     4.000000     1.200000     
2.000000     5.000000     2.300000     3.300000     1.387852     
2.000000     5.036297     2.700000     1.469206     0.239191     
2.000000     5.700000     3.000000     4.385764     1.200000     
2.000000     5.700000     2.900000     4.377224     1.366037     
2.000000     5.848101     2.900000     4.300000     1.300000     
2.000000     5.100000     2.791217     3.000000     1.100000     
2.000000     5.700000     2.800000     4.100000     1.300000     
3.000000     6.300000     3.015877     6.000000     2.500000     
3.000000     5.800000     2.700000     5.100000     1.900000     
3.000000     6.674657     3.000000     5.900000     2.100000     
3.000000     6.668497     2.900000     5.556922     1.800000     
3.000000     6.500000     3.020971     5.800000     2.200000     
3.000000     6.652914     3.000000     6.600000     2.100000     
3.000000     4.900000     2.500000     4.500000     1.403318     
3.000000     7.300000     2.900000     6.300000     1.800000     
3.000000     6.700000     3.021276     5.566681     2.037543     
3.000000     7.200000     3.016251     6.100000     2.500000     
3.000000     6.500000     3.019170     5.100000     2.000000     
3.000000     6.400000     2.700000     5.481183     1.900000     
3.000000     6.800000     3.000000     5.500000     2.100000     
3.000000     5.866148     2.500000     5.000000     1.380389     
3.000000     5.800000     2.800000     5.100000     2.400000     
3.000000     6.400000     3.200000     5.556329     2.300000     
3.000000     6.672138     3.000000     5.500000     1.800000     
3.000000     7.700000     3.800000     5.362143     2.200000     
3.000000     6.630413     3.008052     6.900000     2.300000     
3.000000     5.915163     2.200000     5.000000     1.500000     
3.000000     6.900000     3.200000     5.700000     2.300000     
3.000000     5.600000     2.800000     5.275707     2.000000     
3.000000     7.700000     2.800000     5.505227     2.000000     
3.000000     6.212254     2.700000     4.900000     1.800000     
3.000000     6.700000     3.300000     5.700000     2.100000     
3.000000     7.200000     3.200000     6.000000     1.800000     
3.000000     6.200000     2.800000     4.800000     1.800000     
3.000000     6.100000     3.000000     4.900000     1.420379     
3.000000     6.400000     2.800000     5.600000     2.100000     
3.000000     7.200000     3.000000     5.800000     1.600000     
3.000000     7.400000     3.017567     5.549284     1.900000     
3.000000     7.900000     3.006086     6.400000     1.995129     
3.000000     6.400000     2.800000     5.600000     2.200000     
3.000000     6.300000     2.816070     5.100000     1.500000     
3.000000     6.100000     2.600000     5.600000     1.886272     
3.000000     7.700000     3.000000     5.534390     2.300000     
3.000000     6.300000     3.400000     5.600000     2.005274     
3.000000     6.671299     3.100000     5.500000     1.800000     
3.000000     6.000000     3.000000     5.456089     1.800000     
3.000000     6.900000     3.100000     5.400000     2.100000     
3.000000     6.700000     3.021276     5.566681     2.037543     
3.000000     6.900000     3.100000     5.563454     2.300000     
3.000000     5.800000     2.700000     5.100000     1.900000     
3.000000     6.800000     3.020508     5.900000     2.300000     
3.000000     6.655825     3.300000     5.700000     2.500000     
3.000000     6.700000     3.000000     5.564753     2.300000     
3.000000     6.300000     2.500000     5.000000     1.900000     
3.000000     6.673638     3.000000     5.200000     2.000000     
3.000000     6.200000     3.400000     5.504677     2.300000     
3.000000     5.900000     3.000000     5.386003     1.800000     
