1 38.239360338384820 0.786163932287420 0.080000000000000 0.919871794871795 
2 38.239360337866870 0.786163932287420 0.080000000000000 0.919871794871795 
3 38.239360337837731 0.786163932287420 0.080000000000000 0.919871794871795 
4 57.019553113586241 0.408204659190229 0.333333333333333 0.656293804317354 
5 38.239360338352832 0.786163932287420 0.080000000000000 0.919871794871795 
6 57.019553113626415 0.408204659190229 0.333333333333333 0.656293804317354 
7 38.239360337853732 0.786163932287420 0.080000000000000 0.919871794871795 
8 38.239360337839805 0.786163932287420 0.080000000000000 0.919871794871795 
9 38.239360338355418 0.786163932287420 0.080000000000000 0.919871794871795 
10 38.239360337811263 0.786163932287420 0.080000000000000 0.919871794871795 
11 57.019553113628824 0.408204659190229 0.333333333333333 0.656293804317354 
12 38.239360337866607 0.786163932287420 0.080000000000000 0.919871794871795 
13 57.019553113572179 0.408204659190229 0.333333333333333 0.656293804317354 
14 57.019553113597716 0.408204659190229 0.333333333333333 0.656293804317354 
15 38.239360337811362 0.786163932287420 0.080000000000000 0.919871794871795 
16 38.239360337856127 0.786163932287420 0.080000000000000 0.919871794871795 
17 38.239360338395812 0.786163932287420 0.080000000000000 0.919871794871795 
18 57.019553113584337 0.408204659190229 0.333333333333333 0.656293804317354 
19 38.239360338372769 0.786163932287420 0.080000000000000 0.919871794871795 
20 38.239360337847479 0.786163932287420 0.080000000000000 0.919871794871795 
21 38.239360338393382 0.786163932287420 0.080000000000000 0.919871794871795 
22 38.239360337817338 0.786163932287420 0.080000000000000 0.919871794871795 
23 38.239360338354210 0.786163932287420 0.080000000000000 0.919871794871795 
24 38.239360337843287 0.786163932287420 0.080000000000000 0.919871794871795 
25 38.239360337834050 0.786163932287420 0.080000000000000 0.919871794871795 
26 57.019553113570211 0.408204659190229 0.333333333333333 0.656293804317354 
27 38.239360338388934 0.786163932287420 0.080000000000000 0.919871794871795 
28 38.239360337803930 0.786163932287420 0.080000000000000 0.919871794871795 
29 38.239360337844481 0.786163932287420 0.080000000000000 0.919871794871795 
30 57.042529423569420 0.411129532326772 0.333333333333333 0.670547842961636 
31 38.239360338356704 0.786163932287420 0.080000000000000 0.919871794871795 
32 57.019553113633883 0.408204659190229 0.333333333333333 0.656293804317354 
33 38.239360337862763 0.786163932287420 0.080000000000000 0.919871794871795 
34 38.239360337803404 0.786163932287420 0.080000000000000 0.919871794871795 
35 38.239360337844452 0.786163932287420 0.080000000000000 0.919871794871795 
36 38.239360338346515 0.786163932287420 0.080000000000000 0.919871794871795 
37 38.239360337869684 0.786163932287420 0.080000000000000 0.919871794871795 
38 38.239360337837446 0.786163932287420 0.080000000000000 0.919871794871795 
39 38.239360337876676 0.786163932287420 0.080000000000000 0.919871794871795 
40 38.239360337855949 0.786163932287420 0.080000000000000 0.919871794871795 
41 38.239360337864966 0.786163932287420 0.080000000000000 0.919871794871795 
42 38.239360338387399 0.786163932287420 0.080000000000000 0.919871794871795 
43 38.239360337829723 0.786163932287420 0.080000000000000 0.919871794871795 
44 38.239360337839329 0.786163932287420 0.080000000000000 0.919871794871795 
45 38.239360338389325 0.786163932287420 0.080000000000000 0.919871794871795 
46 38.239360337867296 0.786163932287420 0.080000000000000 0.919871794871795 
47 38.239360337829389 0.786163932287420 0.080000000000000 0.919871794871795 
48 38.239360337839507 0.786163932287420 0.080000000000000 0.919871794871795 
49 38.239360338407621 0.786163932287420 0.080000000000000 0.919871794871795 
50 38.239360337867055 0.786163932287420 0.080000000000000 0.919871794871795 
51 38.239360338355461 0.786163932287420 0.080000000000000 0.919871794871795 
52 38.239360338373146 0.786163932287420 0.080000000000000 0.919871794871795 
53 57.042529427048926 0.411129532326772 0.333333333333333 0.670547842961636 
54 38.239360338354771 0.786163932287420 0.080000000000000 0.919871794871795 
55 38.239360337871787 0.786163932287420 0.080000000000000 0.919871794871795 
56 38.239360338397695 0.786163932287420 0.080000000000000 0.919871794871795 
57 38.239360337815974 0.786163932287420 0.080000000000000 0.919871794871795 
58 57.019553113598789 0.408204659190229 0.333333333333333 0.656293804317354 
59 38.239360338367064 0.786163932287420 0.080000000000000 0.919871794871795 
60 38.239360337868284 0.786163932287420 0.080000000000000 0.919871794871795 
61 38.239360337858500 0.786163932287420 0.080000000000000 0.919871794871795 
62 38.239360338371121 0.786163932287420 0.080000000000000 0.919871794871795 
63 38.239360337820443 0.786163932287420 0.080000000000000 0.919871794871795 
64 38.239360338398747 0.786163932287420 0.080000000000000 0.919871794871795 
65 57.019553115187271 0.408204659190229 0.333333333333333 0.656293804317354 
66 38.239360337834619 0.786163932287420 0.080000000000000 0.919871794871795 
67 38.239360338389780 0.786163932287420 0.080000000000000 0.919871794871795 
68 38.239360337815548 0.786163932287420 0.080000000000000 0.919871794871795 
69 38.239360337847003 0.786163932287420 0.080000000000000 0.919871794871795 
70 38.239360337832295 0.786163932287420 0.080000000000000 0.919871794871795 
71 38.239360337859026 0.786163932287420 0.080000000000000 0.919871794871795 
72 38.239360337852837 0.786163932287420 0.080000000000000 0.919871794871795 
73 38.239360338363795 0.786163932287420 0.080000000000000 0.919871794871795 
74 38.239360337837368 0.786163932287420 0.080000000000000 0.919871794871795 
75 38.239360338343182 0.786163932287420 0.080000000000000 0.919871794871795 
76 38.239360337848758 0.786163932287420 0.080000000000000 0.919871794871795 
77 38.239360338382099 0.786163932287420 0.080000000000000 0.919871794871795 
78 38.239360337816670 0.786163932287420 0.080000000000000 0.919871794871795 
79 38.239360337842442 0.786163932287420 0.080000000000000 0.919871794871795 
80 38.239360337843351 0.786163932287420 0.080000000000000 0.919871794871795 
81 38.239360337836779 0.786163932287420 0.080000000000000 0.919871794871795 
82 38.239360337841823 0.786163932287420 0.080000000000000 0.919871794871795 
83 57.042529362294729 0.411129532326772 0.333333333333333 0.670547842961636 
84 38.239360337844268 0.786163932287420 0.080000000000000 0.919871794871795 
85 38.239360337857839 0.786163932287420 0.080000000000000 0.919871794871795 
86 38.239360337875929 0.786163932287420 0.080000000000000 0.919871794871795 
87 38.239360338338983 0.786163932287420 0.080000000000000 0.919871794871795 
88 38.239360337831265 0.786163932287420 0.080000000000000 0.919871794871795 
89 38.239360337865399 0.786163932287420 0.080000000000000 0.919871794871795 
90 38.239360337877272 0.786163932287420 0.080000000000000 0.919871794871795 
91 38.239360338394007 0.786163932287420 0.080000000000000 0.919871794871795 
92 38.239360337857015 0.786163932287420 0.080000000000000 0.919871794871795 
93 38.239360337865790 0.786163932287420 0.080000000000000 0.919871794871795 
94 38.239360337816578 0.786163932287420 0.080000000000000 0.919871794871795 
95 38.239360337812201 0.786163932287420 0.080000000000000 0.919871794871795 
96 38.239360338340433 0.786163932287420 0.080000000000000 0.919871794871795 
97 38.239360337876022 0.786163932287420 0.080000000000000 0.919871794871795 
98 38.239360338392082 0.786163932287420 0.080000000000000 0.919871794871795 
99 38.239360337809799 0.786163932287420 0.080000000000000 0.919871794871795 
100 38.239360337856468 0.786163932287420 0.080000000000000 0.919871794871795 
