1 18.099345878082190 0.817601645257643 0.066666666666667 0.933306655995732 
2 18.099345878052937 0.817601645257643 0.066666666666667 0.933306655995732 
3 18.099345878062397 0.817601645257643 0.066666666666667 0.933306655995732 
4 26.146354152580351 0.417950847405493 0.333333333333333 0.686781609195402 
5 18.099345878075685 0.817601645257643 0.066666666666667 0.933306655995732 
6 26.146354152500344 0.417950847405493 0.333333333333333 0.686781609195402 
7 18.099345878090034 0.817601645257643 0.066666666666667 0.933306655995732 
8 26.146354152543658 0.417950847405493 0.333333333333333 0.686781609195402 
9 26.146354152518715 0.417950847405493 0.333333333333333 0.686781609195402 
10 26.146354152504401 0.417950847405493 0.333333333333333 0.686781609195402 
11 18.099345878045526 0.817601645257643 0.066666666666667 0.933306655995732 
12 18.099345878055722 0.817601645257643 0.066666666666667 0.933306655995732 
13 26.146354152564903 0.417950847405493 0.333333333333333 0.686781609195402 
14 18.099345878057218 0.817601645257643 0.066666666666667 0.933306655995732 
15 18.099345878078381 0.817601645257643 0.066666666666667 0.933306655995732 
16 18.099345878073080 0.817601645257643 0.066666666666667 0.933306655995732 
17 18.099345878059058 0.817601645257643 0.066666666666667 0.933306655995732 
18 18.099345878048180 0.817601645257643 0.066666666666667 0.933306655995732 
19 18.099345878033461 0.817601645257643 0.066666666666667 0.933306655995732 
20 26.146354152519979 0.417950847405493 0.333333333333333 0.686781609195402 
21 26.146354152516675 0.417950847405493 0.333333333333333 0.686781609195402 
22 18.099345878057122 0.817601645257643 0.066666666666667 0.933306655995732 
23 18.099345878046094 0.817601645257643 0.066666666666667 0.933306655995732 
24 18.099345878063147 0.817601645257643 0.066666666666667 0.933306655995732 
25 18.099345878053700 0.817601645257643 0.066666666666667 0.933306655995732 
26 18.099345878052382 0.817601645257643 0.066666666666667 0.933306655995732 
27 18.099345878060994 0.817601645257643 0.066666666666667 0.933306655995732 
28 18.099345878057598 0.817601645257643 0.066666666666667 0.933306655995732 
29 18.099345878075994 0.817601645257643 0.066666666666667 0.933306655995732 
30 18.099345878053597 0.817601645257643 0.066666666666667 0.933306655995732 
31 26.146354152518754 0.417950847405493 0.333333333333333 0.686781609195402 
32 26.146354152574474 0.417950847405493 0.333333333333333 0.686781609195402 
33 26.146354152583719 0.417950847405493 0.333333333333333 0.686781609195402 
34 18.099345878056678 0.817601645257643 0.066666666666667 0.933306655995732 
35 18.099345878079614 0.817601645257643 0.066666666666667 0.933306655995732 
36 18.099345878052940 0.817601645257643 0.066666666666667 0.933306655995732 
37 18.099345878049363 0.817601645257643 0.066666666666667 0.933306655995732 
38 18.099345878047565 0.817601645257643 0.066666666666667 0.933306655995732 
39 18.099345878036900 0.817601645257643 0.066666666666667 0.933306655995732 
40 18.099345878069133 0.817601645257643 0.066666666666667 0.933306655995732 
41 18.099345878070736 0.817601645257643 0.066666666666667 0.933306655995732 
42 18.099345878080854 0.817601645257643 0.066666666666667 0.933306655995732 
43 18.099345878062397 0.817601645257643 0.066666666666667 0.933306655995732 
44 18.099345878041703 0.817601645257643 0.066666666666667 0.933306655995732 
45 18.099345878051405 0.817601645257643 0.066666666666667 0.933306655995732 
46 18.099345878056710 0.817601645257643 0.066666666666667 0.933306655995732 
47 18.099345878032842 0.817601645257643 0.066666666666667 0.933306655995732 
48 26.146354152517418 0.417950847405493 0.333333333333333 0.686781609195402 
49 26.146354152490982 0.417950847405493 0.333333333333333 0.686781609195402 
50 18.099345878069457 0.817601645257643 0.066666666666667 0.933306655995732 
51 18.099345878087135 0.817601645257643 0.066666666666667 0.933306655995732 
52 26.146354152566502 0.417950847405493 0.333333333333333 0.686781609195402 
53 26.146354152504507 0.417950847405493 0.333333333333333 0.686781609195402 
54 18.099345878053462 0.817601645257643 0.066666666666667 0.933306655995732 
55 26.146354152507421 0.417950847405493 0.333333333333333 0.686781609195402 
56 18.099345878037127 0.817601645257643 0.066666666666667 0.933306655995732 
57 18.099345878055946 0.817601645257643 0.066666666666667 0.933306655995732 
58 18.099345878045675 0.817601645257643 0.066666666666667 0.933306655995732 
59 18.099345878068338 0.817601645257643 0.066666666666667 0.933306655995732 
60 18.099345878052972 0.817601645257643 0.066666666666667 0.933306655995732 
61 18.099345878090332 0.817601645257643 0.066666666666667 0.933306655995732 
62 18.099345878049299 0.817601645257643 0.066666666666667 0.933306655995732 
63 18.099345878065815 0.817601645257643 0.066666666666667 0.933306655995732 
64 18.099345878033901 0.817601645257643 0.066666666666667 0.933306655995732 
65 26.146354152527202 0.417950847405493 0.333333333333333 0.686781609195402 
66 18.099345878077095 0.817601645257643 0.066666666666667 0.933306655995732 
67 18.099345878075589 0.817601645257643 0.066666666666667 0.933306655995732 
68 18.099345878058951 0.817601645257643 0.066666666666667 0.933306655995732 
69 18.099345878040527 0.817601645257643 0.066666666666667 0.933306655995732 
70 18.099345878056582 0.817601645257643 0.066666666666667 0.933306655995732 
71 18.099345878082396 0.817601645257643 0.066666666666667 0.933306655995732 
72 18.099345878083547 0.817601645257643 0.066666666666667 0.933306655995732 
73 18.099345878065787 0.817601645257643 0.066666666666667 0.933306655995732 
74 18.099345878051299 0.817601645257643 0.066666666666667 0.933306655995732 
75 18.099345878055367 0.817601645257643 0.066666666666667 0.933306655995732 
76 18.099345878062646 0.817601645257643 0.066666666666667 0.933306655995732 
77 18.099345878077539 0.817601645257643 0.066666666666667 0.933306655995732 
78 18.099345878058990 0.817601645257643 0.066666666666667 0.933306655995732 
79 26.146354152559518 0.417950847405493 0.333333333333333 0.686781609195402 
80 18.099345878054269 0.817601645257643 0.066666666666667 0.933306655995732 
81 18.099345878043337 0.817601645257643 0.066666666666667 0.933306655995732 
82 26.146354152551925 0.417950847405493 0.333333333333333 0.686781609195402 
83 18.099345878041834 0.817601645257643 0.066666666666667 0.933306655995732 
84 18.099345878085582 0.817601645257643 0.066666666666667 0.933306655995732 
85 26.146354152505651 0.417950847405493 0.333333333333333 0.686781609195402 
86 18.099345878090023 0.817601645257643 0.066666666666667 0.933306655995732 
87 18.099345878070569 0.817601645257643 0.066666666666667 0.933306655995732 
88 18.099345878037916 0.817601645257643 0.066666666666667 0.933306655995732 
89 18.099345878048414 0.817601645257643 0.066666666666667 0.933306655995732 
90 18.099345878064099 0.817601645257643 0.066666666666667 0.933306655995732 
91 18.099345878055075 0.817601645257643 0.066666666666667 0.933306655995732 
92 18.099345878080857 0.817601645257643 0.066666666666667 0.933306655995732 
93 26.146354152507975 0.417950847405493 0.333333333333333 0.686781609195402 
94 18.099345878078672 0.817601645257643 0.066666666666667 0.933306655995732 
95 18.099345878057768 0.817601645257643 0.066666666666667 0.933306655995732 
96 18.099345878046819 0.817601645257643 0.066666666666667 0.933306655995732 
97 26.146354152521468 0.417950847405493 0.333333333333333 0.686781609195402 
98 18.099345878068412 0.817601645257643 0.066666666666667 0.933306655995732 
99 18.099345878038889 0.817601645257643 0.066666666666667 0.933306655995732 
100 18.099345878033386 0.817601645257643 0.066666666666667 0.933306655995732 
