1 24.536054510997481 0.801659915780485 0.073333333333333 0.926600607213158 
2 24.536054511017319 0.801659915780485 0.073333333333333 0.926600607213158 
3 24.536054510988830 0.801659915780485 0.073333333333333 0.926600607213158 
4 24.536054511010853 0.801659915780485 0.073333333333333 0.926600607213158 
5 24.536054511006466 0.801659915780485 0.073333333333333 0.926600607213158 
6 24.536054511011546 0.801659915780485 0.073333333333333 0.926600607213158 
7 35.272259398205037 0.414947278636450 0.333333333333333 0.666426339822158 
8 35.272259398199878 0.414947278636450 0.333333333333333 0.666426339822158 
9 35.272259398196404 0.414947278636450 0.333333333333333 0.666426339822158 
10 24.536054511022261 0.801659915780485 0.073333333333333 0.926600607213158 
11 24.536054511015081 0.801659915780485 0.073333333333333 0.926600607213158 
12 24.536054510985050 0.801659915780485 0.073333333333333 0.926600607213158 
13 24.536054511005386 0.801659915780485 0.073333333333333 0.926600607213158 
14 24.536054510998000 0.801659915780485 0.073333333333333 0.926600607213158 
15 24.536054511006707 0.801659915780485 0.073333333333333 0.926600607213158 
16 35.272259398164437 0.414947278636450 0.333333333333333 0.666426339822158 
17 24.536054511008423 0.801659915780485 0.073333333333333 0.926600607213158 
18 35.272259398159065 0.414947278636450 0.333333333333333 0.666426339822158 
19 35.272259398188908 0.414947278636450 0.333333333333333 0.666426339822158 
20 24.536054511021909 0.801659915780485 0.073333333333333 0.926600607213158 
21 24.536054511029871 0.801659915780485 0.073333333333333 0.926600607213158 
22 35.272259398187536 0.414947278636450 0.333333333333333 0.666426339822158 
23 24.536054511032411 0.801659915780485 0.073333333333333 0.926600607213158 
24 24.536054510991050 0.801659915780485 0.073333333333333 0.926600607213158 
25 24.536054511032560 0.801659915780485 0.073333333333333 0.926600607213158 
26 24.536054510995687 0.801659915780485 0.073333333333333 0.926600607213158 
27 24.536054511027896 0.801659915780485 0.073333333333333 0.926600607213158 
28 24.536054511030496 0.801659915780485 0.073333333333333 0.926600607213158 
29 24.536054510999264 0.801659915780485 0.073333333333333 0.926600607213158 
30 24.536054510993345 0.801659915780485 0.073333333333333 0.926600607213158 
31 35.272259398204120 0.414947278636450 0.333333333333333 0.666426339822158 
32 35.272259398168266 0.414947278636450 0.333333333333333 0.666426339822158 
33 24.536054510991313 0.801659915780485 0.073333333333333 0.926600607213158 
34 24.536054511004622 0.801659915780485 0.073333333333333 0.926600607213158 
35 35.272259398180339 0.414947278636450 0.333333333333333 0.666426339822158 
36 24.536054511002643 0.801659915780485 0.073333333333333 0.926600607213158 
37 24.536054510997300 0.801659915780485 0.073333333333333 0.926600607213158 
38 24.536054510990926 0.801659915780485 0.073333333333333 0.926600607213158 
39 24.536054510990724 0.801659915780485 0.073333333333333 0.926600607213158 
40 24.536054511033839 0.801659915780485 0.073333333333333 0.926600607213158 
41 24.536054511007279 0.801659915780485 0.073333333333333 0.926600607213158 
42 35.272259398187330 0.414947278636450 0.333333333333333 0.666426339822158 
43 24.536054511030912 0.801659915780485 0.073333333333333 0.926600607213158 
44 24.536054511009496 0.801659915780485 0.073333333333333 0.926600607213158 
45 24.536054511015095 0.801659915780485 0.073333333333333 0.926600607213158 
46 24.536054510997502 0.801659915780485 0.073333333333333 0.926600607213158 
47 24.536054510994447 0.801659915780485 0.073333333333333 0.926600607213158 
48 35.272259398186414 0.414947278636450 0.333333333333333 0.666426339822158 
49 35.272259398146822 0.414947278636450 0.333333333333333 0.666426339822158 
50 24.536054510999698 0.801659915780485 0.073333333333333 0.926600607213158 
51 24.536054511027171 0.801659915780485 0.073333333333333 0.926600607213158 
52 24.536054511035594 0.801659915780485 0.073333333333333 0.926600607213158 
53 24.536054511033583 0.801659915780485 0.073333333333333 0.926600607213158 
54 24.536054510985149 0.801659915780485 0.073333333333333 0.926600607213158 
55 24.536054510984517 0.801659915780485 0.073333333333333 0.926600607213158 
56 24.536054510987135 0.801659915780485 0.073333333333333 0.926600607213158 
57 35.272259398184005 0.414947278636450 0.333333333333333 0.666426339822158 
58 35.272259398173659 0.414947278636450 0.333333333333333 0.666426339822158 
59 24.536054510982218 0.801659915780485 0.073333333333333 0.926600607213158 
60 24.536054511019149 0.801659915780485 0.073333333333333 0.926600607213158 
61 24.536054510987636 0.801659915780485 0.073333333333333 0.926600607213158 
62 24.536054510985476 0.801659915780485 0.073333333333333 0.926600607213158 
63 35.272259398163513 0.414947278636450 0.333333333333333 0.666426339822158 
64 24.536054510991679 0.801659915780485 0.073333333333333 0.926600607213158 
65 24.536054511014115 0.801659915780485 0.073333333333333 0.926600607213158 
66 35.272259398190116 0.414947278636450 0.333333333333333 0.666426339822158 
67 35.272259398177916 0.414947278636450 0.333333333333333 0.666426339822158 
68 24.536054510985903 0.801659915780485 0.073333333333333 0.926600607213158 
69 24.536054511004668 0.801659915780485 0.073333333333333 0.926600607213158 
70 24.536054511024691 0.801659915780485 0.073333333333333 0.926600607213158 
71 24.536054511003744 0.801659915780485 0.073333333333333 0.926600607213158 
72 35.272259398164202 0.414947278636450 0.333333333333333 0.666426339822158 
73 24.536054511006849 0.801659915780485 0.073333333333333 0.926600607213158 
74 35.272259398149473 0.414947278636450 0.333333333333333 0.666426339822158 
75 36.886624795340737 0.416697212732578 0.333333333333333 0.676451402478800 
76 35.272259398149515 0.414947278636450 0.333333333333333 0.666426339822158 
77 35.272259398199218 0.414947278636450 0.333333333333333 0.666426339822158 
78 24.536054510986567 0.801659915780485 0.073333333333333 0.926600607213158 
79 24.536054511026602 0.801659915780485 0.073333333333333 0.926600607213158 
80 35.272259398134281 0.414947278636450 0.333333333333333 0.666426339822158 
81 28.491229862637187 0.714455875861601 0.113333333333333 0.886382623224728 
82 24.536054510973528 0.801659915780485 0.073333333333333 0.926600607213158 
83 24.536054510995609 0.801659915780485 0.073333333333333 0.926600607213158 
84 24.536054511013184 0.801659915780485 0.073333333333333 0.926600607213158 
85 24.536054510992589 0.801659915780485 0.073333333333333 0.926600607213158 
86 24.536054511017110 0.801659915780485 0.073333333333333 0.926600607213158 
87 24.536054510987960 0.801659915780485 0.073333333333333 0.926600607213158 
88 24.536054511032340 0.801659915780485 0.073333333333333 0.926600607213158 
89 35.272259398167009 0.414947278636450 0.333333333333333 0.666426339822158 
90 24.536054511004249 0.801659915780485 0.073333333333333 0.926600607213158 
91 24.536054511002884 0.801659915780485 0.073333333333333 0.926600607213158 
92 35.272259398162838 0.414947278636450 0.333333333333333 0.666426339822158 
93 24.536054511023380 0.801659915780485 0.073333333333333 0.926600607213158 
94 24.536054511022833 0.801659915780485 0.073333333333333 0.926600607213158 
95 24.536054511002408 0.801659915780485 0.073333333333333 0.926600607213158 
96 35.272259398196319 0.414947278636450 0.333333333333333 0.666426339822158 
97 24.536054510985913 0.801659915780485 0.073333333333333 0.926600607213158 
98 35.272259398153189 0.414947278636450 0.333333333333333 0.666426339822158 
99 35.272259398199964 0.414947278636450 0.333333333333333 0.666426339822158 
100 24.536054510994706 0.801659915780485 0.073333333333333 0.926600607213158 
