1 12.085628250393469 0.801879732436929 0.073333333333333 0.926482873851295 
2 12.085628250386472 0.801879732436929 0.073333333333333 0.926482873851295 
3 12.085628250378141 0.801879732436929 0.073333333333333 0.926482873851295 
4 12.085628250384278 0.801879732436929 0.073333333333333 0.926482873851295 
5 12.085628250403028 0.801879732436929 0.073333333333333 0.926482873851295 
6 12.085628250386470 0.801879732436929 0.073333333333333 0.926482873851295 
7 12.085628250370990 0.801879732436929 0.073333333333333 0.926482873851295 
8 12.085628250388568 0.801879732436929 0.073333333333333 0.926482873851295 
9 12.085628250375860 0.801879732436929 0.073333333333333 0.926482873851295 
10 12.085628250393716 0.801879732436929 0.073333333333333 0.926482873851295 
11 18.427713001828415 0.414144124605920 0.333333333333333 0.660578386605784 
12 12.085628250371835 0.801879732436929 0.073333333333333 0.926482873851295 
13 18.427713001866081 0.414144124605920 0.333333333333333 0.660578386605784 
14 18.427713001829080 0.414144124605920 0.333333333333333 0.660578386605784 
15 12.085628250388853 0.801879732436929 0.073333333333333 0.926482873851295 
16 12.085628250387826 0.801879732436929 0.073333333333333 0.926482873851295 
17 12.085628250401193 0.801879732436929 0.073333333333333 0.926482873851295 
18 12.085628250397914 0.801879732436929 0.073333333333333 0.926482873851295 
19 18.427713001867751 0.414144124605920 0.333333333333333 0.660578386605784 
20 18.427713001891011 0.414144124605920 0.333333333333333 0.660578386605784 
21 12.085628250387709 0.801879732436929 0.073333333333333 0.926482873851295 
22 18.427713001860788 0.414144124605920 0.333333333333333 0.660578386605784 
23 18.427713001896446 0.414144124605920 0.333333333333333 0.660578386605784 
24 12.085628250398482 0.801879732436929 0.073333333333333 0.926482873851295 
25 12.085628250408519 0.801879732436929 0.073333333333333 0.926482873851295 
26 18.427713001855079 0.414144124605920 0.333333333333333 0.660578386605784 
27 12.085628250389609 0.801879732436929 0.073333333333333 0.926482873851295 
28 12.085628250379758 0.801879732436929 0.073333333333333 0.926482873851295 
29 18.427713001900649 0.414144124605920 0.333333333333333 0.660578386605784 
30 18.427713001891021 0.414144124605920 0.333333333333333 0.660578386605784 
31 12.085628250420788 0.801879732436929 0.073333333333333 0.926482873851295 
32 12.085628250381900 0.801879732436929 0.073333333333333 0.926482873851295 
33 12.085628250393983 0.801879732436929 0.073333333333333 0.926482873851295 
34 18.427713001890293 0.414144124605920 0.333333333333333 0.660578386605784 
35 12.085628250415027 0.801879732436929 0.073333333333333 0.926482873851295 
36 18.427713001832132 0.414144124605920 0.333333333333333 0.660578386605784 
37 12.085628250371881 0.801879732436929 0.073333333333333 0.926482873851295 
38 12.085628250397866 0.801879732436929 0.073333333333333 0.926482873851295 
39 12.085628250369700 0.801879732436929 0.073333333333333 0.926482873851295 
40 18.427713001888755 0.414144124605920 0.333333333333333 0.660578386605784 
41 12.085628250386323 0.801879732436929 0.073333333333333 0.926482873851295 
42 12.085628250399731 0.801879732436929 0.073333333333333 0.926482873851295 
43 12.085628250397676 0.801879732436929 0.073333333333333 0.926482873851295 
44 12.085628250391792 0.801879732436929 0.073333333333333 0.926482873851295 
45 12.085628250412295 0.801879732436929 0.073333333333333 0.926482873851295 
46 12.085628250379832 0.801879732436929 0.073333333333333 0.926482873851295 
47 18.427713001845639 0.414144124605920 0.333333333333333 0.660578386605784 
48 12.085628250408920 0.801879732436929 0.073333333333333 0.926482873851295 
49 12.085628250394743 0.801879732436929 0.073333333333333 0.926482873851295 
50 12.085628250387996 0.801879732436929 0.073333333333333 0.926482873851295 
51 18.427713001865616 0.414144124605920 0.333333333333333 0.660578386605784 
52 18.427713001885106 0.414144124605920 0.333333333333333 0.660578386605784 
53 18.427713001892940 0.414144124605920 0.333333333333333 0.660578386605784 
54 12.085628250376653 0.801879732436929 0.073333333333333 0.926482873851295 
55 12.085628250380081 0.801879732436929 0.073333333333333 0.926482873851295 
56 12.085628250378916 0.801879732436929 0.073333333333333 0.926482873851295 
57 18.427713001840225 0.414144124605920 0.333333333333333 0.660578386605784 
58 12.085628250390156 0.801879732436929 0.073333333333333 0.926482873851295 
59 18.427713001837773 0.414144124605920 0.333333333333333 0.660578386605784 
60 12.085628250375205 0.801879732436929 0.073333333333333 0.926482873851295 
61 12.085628250420619 0.801879732436929 0.073333333333333 0.926482873851295 
62 12.085628250411331 0.801879732436929 0.073333333333333 0.926482873851295 
63 12.085628250419598 0.801879732436929 0.073333333333333 0.926482873851295 
64 18.427713001854190 0.414144124605920 0.333333333333333 0.660578386605784 
65 12.085628250398983 0.801879732436929 0.073333333333333 0.926482873851295 
66 12.085628250397777 0.801879732436929 0.073333333333333 0.926482873851295 
67 18.427713001889970 0.414144124605920 0.333333333333333 0.660578386605784 
68 12.085628250376155 0.801879732436929 0.073333333333333 0.926482873851295 
69 18.427713001852965 0.414144124605920 0.333333333333333 0.660578386605784 
70 12.085628250374207 0.801879732436929 0.073333333333333 0.926482873851295 
71 12.085628250375800 0.801879732436929 0.073333333333333 0.926482873851295 
72 12.085628250379678 0.801879732436929 0.073333333333333 0.926482873851295 
73 12.085628250402758 0.801879732436929 0.073333333333333 0.926482873851295 
74 12.085628250381893 0.801879732436929 0.073333333333333 0.926482873851295 
75 12.085628250399091 0.801879732436929 0.073333333333333 0.926482873851295 
76 12.085628250387375 0.801879732436929 0.073333333333333 0.926482873851295 
77 18.427713001878026 0.414144124605920 0.333333333333333 0.660578386605784 
78 12.085628250396935 0.801879732436929 0.073333333333333 0.926482873851295 
79 12.085628250380818 0.801879732436929 0.073333333333333 0.926482873851295 
80 12.085628250398388 0.801879732436929 0.073333333333333 0.926482873851295 
81 12.085628250379147 0.801879732436929 0.073333333333333 0.926482873851295 
82 18.427713001834004 0.414144124605920 0.333333333333333 0.660578386605784 
83 12.085628250405804 0.801879732436929 0.073333333333333 0.926482873851295 
84 12.085628250389549 0.801879732436929 0.073333333333333 0.926482873851295 
85 12.085628250378704 0.801879732436929 0.073333333333333 0.926482873851295 
86 12.085628250381498 0.801879732436929 0.073333333333333 0.926482873851295 
87 12.085628250420809 0.801879732436929 0.073333333333333 0.926482873851295 
88 12.085628250372965 0.801879732436929 0.073333333333333 0.926482873851295 
89 12.085628250384786 0.801879732436929 0.073333333333333 0.926482873851295 
90 12.085628250380424 0.801879732436929 0.073333333333333 0.926482873851295 
91 12.085628250421349 0.801879732436929 0.073333333333333 0.926482873851295 
92 12.085628250393276 0.801879732436929 0.073333333333333 0.926482873851295 
93 18.427713001867332 0.414144124605920 0.333333333333333 0.660578386605784 
94 12.085628250377075 0.801879732436929 0.073333333333333 0.926482873851295 
95 12.085628250385126 0.801879732436929 0.073333333333333 0.926482873851295 
96 12.085628250410398 0.801879732436929 0.073333333333333 0.926482873851295 
97 12.085628250417335 0.801879732436929 0.073333333333333 0.926482873851295 
98 12.085628250375816 0.801879732436929 0.073333333333333 0.926482873851295 
99 19.182899346221323 0.418515114117292 0.333333333333333 0.681493419285522 
100 12.085628250374917 0.801879732436929 0.073333333333333 0.926482873851295 
