1 32.938320343728343 0.742975196548379 0.100000000000000 0.899183385421917 
2 32.938320343729146 0.742975196548379 0.100000000000000 0.899183385421917 
3 47.756164514646919 0.419986252375509 0.333333333333333 0.683081902780186 
4 47.756164514699520 0.419986252375509 0.333333333333333 0.683081902780186 
5 32.938320343757304 0.742975196548379 0.100000000000000 0.899183385421917 
6 32.938320343740763 0.742975196548379 0.100000000000000 0.899183385421917 
7 47.756164514685814 0.419986252375509 0.333333333333333 0.683081902780186 
8 32.938320343758200 0.742975196548379 0.100000000000000 0.899183385421917 
9 47.756164514644105 0.419986252375509 0.333333333333333 0.683081902780186 
10 32.938320343739527 0.742975196548379 0.100000000000000 0.899183385421917 
11 32.938320343762484 0.742975196548379 0.100000000000000 0.899183385421917 
12 32.938320343760566 0.742975196548379 0.100000000000000 0.899183385421917 
13 32.938320343728023 0.742975196548379 0.100000000000000 0.899183385421917 
14 32.938320343773277 0.742975196548379 0.100000000000000 0.899183385421917 
15 32.938320343749275 0.742975196548379 0.100000000000000 0.899183385421917 
16 32.938320343771359 0.742975196548379 0.100000000000000 0.899183385421917 
17 32.938320343761042 0.742975196548379 0.100000000000000 0.899183385421917 
18 32.938320343757916 0.742975196548379 0.100000000000000 0.899183385421917 
19 32.938320343770599 0.742975196548379 0.100000000000000 0.899183385421917 
20 47.756164514670637 0.419986252375509 0.333333333333333 0.683081902780186 
21 32.938320343773853 0.742975196548379 0.100000000000000 0.899183385421917 
22 47.756164514636069 0.419986252375509 0.333333333333333 0.683081902780186 
23 32.938320343746412 0.742975196548379 0.100000000000000 0.899183385421917 
24 32.938320343729060 0.742975196548379 0.100000000000000 0.899183385421917 
25 32.938320343731540 0.742975196548379 0.100000000000000 0.899183385421917 
26 32.938320343760388 0.742975196548379 0.100000000000000 0.899183385421917 
27 32.938320343738411 0.742975196548379 0.100000000000000 0.899183385421917 
28 47.756164514625610 0.419986252375509 0.333333333333333 0.683081902780186 
29 32.938320343766385 0.742975196548379 0.100000000000000 0.899183385421917 
30 32.938320343730886 0.742975196548379 0.100000000000000 0.899183385421917 
31 32.938320343729330 0.742975196548379 0.100000000000000 0.899183385421917 
32 32.938320343741594 0.742975196548379 0.100000000000000 0.899183385421917 
33 32.938320343727881 0.742975196548379 0.100000000000000 0.899183385421917 
34 32.938320343730766 0.742975196548379 0.100000000000000 0.899183385421917 
35 47.756164514681679 0.419986252375509 0.333333333333333 0.683081902780186 
36 32.938320343749922 0.742975196548379 0.100000000000000 0.899183385421917 
37 32.938320343763820 0.742975196548379 0.100000000000000 0.899183385421917 
38 32.938320343732201 0.742975196548379 0.100000000000000 0.899183385421917 
39 32.938320343728492 0.742975196548379 0.100000000000000 0.899183385421917 
40 32.938320343741296 0.742975196548379 0.100000000000000 0.899183385421917 
41 32.938320343755748 0.742975196548379 0.100000000000000 0.899183385421917 
42 32.938320343767060 0.742975196548379 0.100000000000000 0.899183385421917 
43 32.938320343738603 0.742975196548379 0.100000000000000 0.899183385421917 
44 32.938320343762840 0.742975196548379 0.100000000000000 0.899183385421917 
45 32.938320343736223 0.742975196548379 0.100000000000000 0.899183385421917 
46 32.938320343745481 0.742975196548379 0.100000000000000 0.899183385421917 
47 32.938320343711474 0.742975196548379 0.100000000000000 0.899183385421917 
48 32.938320343764737 0.742975196548379 0.100000000000000 0.899183385421917 
49 32.938320343754533 0.742975196548379 0.100000000000000 0.899183385421917 
50 32.938320343742639 0.742975196548379 0.100000000000000 0.899183385421917 
51 32.938320343758740 0.742975196548379 0.100000000000000 0.899183385421917 
52 32.938320343760459 0.742975196548379 0.100000000000000 0.899183385421917 
53 32.938320343766392 0.742975196548379 0.100000000000000 0.899183385421917 
54 32.938320343733075 0.742975196548379 0.100000000000000 0.899183385421917 
55 32.938320343744422 0.742975196548379 0.100000000000000 0.899183385421917 
56 32.938320343751904 0.742975196548379 0.100000000000000 0.899183385421917 
57 47.756164514655296 0.419986252375509 0.333333333333333 0.683081902780186 
58 32.938320343728279 0.742975196548379 0.100000000000000 0.899183385421917 
59 32.938320343742987 0.742975196548379 0.100000000000000 0.899183385421917 
60 32.938320343743534 0.742975196548379 0.100000000000000 0.899183385421917 
61 32.938320343768360 0.742975196548379 0.100000000000000 0.899183385421917 
62 32.938320343753176 0.742975196548379 0.100000000000000 0.899183385421917 
63 32.938320343760005 0.742975196548379 0.100000000000000 0.899183385421917 
64 32.938320343747023 0.742975196548379 0.100000000000000 0.899183385421917 
65 32.938320343734020 0.742975196548379 0.100000000000000 0.899183385421917 
66 32.938320343738269 0.742975196548379 0.100000000000000 0.899183385421917 
67 32.938320343763131 0.742975196548379 0.100000000000000 0.899183385421917 
68 32.938320343732443 0.742975196548379 0.100000000000000 0.899183385421917 
69 32.938320343747407 0.742975196548379 0.100000000000000 0.899183385421917 
70 32.938320343730460 0.742975196548379 0.100000000000000 0.899183385421917 
71 32.938320343729821 0.742975196548379 0.100000000000000 0.899183385421917 
72 32.938320343766172 0.742975196548379 0.100000000000000 0.899183385421917 
73 32.938320343747883 0.742975196548379 0.100000000000000 0.899183385421917 
74 32.938320343742681 0.742975196548379 0.100000000000000 0.899183385421917 
75 32.938320343755343 0.742975196548379 0.100000000000000 0.899183385421917 
76 32.938320343731768 0.742975196548379 0.100000000000000 0.899183385421917 
77 32.938320343764680 0.742975196548379 0.100000000000000 0.899183385421917 
78 32.938320343748444 0.742975196548379 0.100000000000000 0.899183385421917 
79 47.756164514624508 0.419986252375509 0.333333333333333 0.683081902780186 
80 32.938320343733373 0.742975196548379 0.100000000000000 0.899183385421917 
81 32.938320343746675 0.742975196548379 0.100000000000000 0.899183385421917 
82 32.938320343731448 0.742975196548379 0.100000000000000 0.899183385421917 
83 32.938320343751052 0.742975196548379 0.100000000000000 0.899183385421917 
84 32.938320343760843 0.742975196548379 0.100000000000000 0.899183385421917 
85 32.938320343742681 0.742975196548379 0.100000000000000 0.899183385421917 
86 47.756164514644432 0.419986252375509 0.333333333333333 0.683081902780186 
87 32.938320343746099 0.742975196548379 0.100000000000000 0.899183385421917 
88 47.756164514622469 0.419986252375509 0.333333333333333 0.683081902780186 
89 47.756164514659048 0.419986252375509 0.333333333333333 0.683081902780186 
90 32.938320343743463 0.742975196548379 0.100000000000000 0.899183385421917 
91 47.756164514637845 0.419986252375509 0.333333333333333 0.683081902780186 
92 32.938320343764531 0.742975196548379 0.100000000000000 0.899183385421917 
93 47.756164514645583 0.419986252375509 0.333333333333333 0.683081902780186 
94 32.938320343732649 0.742975196548379 0.100000000000000 0.899183385421917 
95 32.938320343736279 0.742975196548379 0.100000000000000 0.899183385421917 
96 32.938320343768247 0.742975196548379 0.100000000000000 0.899183385421917 
97 32.938320343727817 0.742975196548379 0.100000000000000 0.899183385421917 
98 32.938320343772418 0.742975196548379 0.100000000000000 0.899183385421917 
99 32.938320343749297 0.742975196548379 0.100000000000000 0.899183385421917 
100 32.938320343728137 0.742975196548379 0.100000000000000 0.899183385421917 
